2020-09-21 23:10:43.446715  | run_09_21_23_10_round_09_21_23_10 Runner  master CPU affinity: [0, 1, 2, 3, 4, 5, 6, 7, 8, 9, 10, 11, 12, 13, 14, 15].
2020-09-21 23:10:43.446773  | run_09_21_23_10_round_09_21_23_10 Runner  master Torch threads: 8.
2020-09-21 23:10:46.470039  | run_09_21_23_10_round_09_21_23_10 Sampler rank 0 initialized, CPU affinity [8], Torch threads 1, Seed 19
2020-09-21 23:10:46.477711  | run_09_21_23_10_round_09_21_23_10 Sampler rank 1 initialized, CPU affinity [9], Torch threads 1, Seed 20
2020-09-21 23:10:46.478625  | run_09_21_23_10_round_09_21_23_10 Sampler rank 2 initialized, CPU affinity [10], Torch threads 1, Seed 21
2020-09-21 23:10:46.479303  | run_09_21_23_10_round_09_21_23_10 Sampler rank 3 initialized, CPU affinity [11], Torch threads 1, Seed 22
2020-09-21 23:10:53.509807  | run_09_21_23_10_round_09_21_23_10 Sampler decorrelating envs, max steps: 100
2020-09-21 23:13:39.247913  | run_09_21_23_10_round_09_21_23_10 Running 488 iterations of minibatch RL.
2020-09-21 23:13:40.852439  | run_09_21_23_10_round_09_21_23_10 Initialized agent model on device: cuda:1.
2020-09-21 23:13:40.852886  | run_09_21_23_10_round_09_21_23_10 Optimizing over 1 iterations.
2020-09-21 23:16:48.482612  | run_09_21_23_10_round_09_21_23_10 itr #0 saving snapshot...
2020-09-21 23:16:48.485894  | run_09_21_23_10_round_09_21_23_10 itr #0 saved
2020-09-21 23:16:48.507220  | -----------------------------  ---------------------
2020-09-21 23:16:48.507268  | Diagnostics/NewCompletedTrajs  96
2020-09-21 23:16:48.507292  | Diagnostics/StepsInTrajWindow  2027
2020-09-21 23:16:48.507310  | Diagnostics/Iteration          0
2020-09-21 23:16:48.507327  | Diagnostics/CumTime (s)        187.63301706314087
2020-09-21 23:16:48.507343  | Diagnostics/CumSteps           2048
2020-09-21 23:16:48.507359  | Diagnostics/CumCompletedTrajs  96
2020-09-21 23:16:48.507375  | Diagnostics/CumUpdates         320
2020-09-21 23:16:48.507390  | Diagnostics/StepsPerSecond     nan
2020-09-21 23:16:48.507405  | Diagnostics/UpdatesPerSecond   nan
2020-09-21 23:16:48.507420  | Diagnostics/ReplayRatio        10.0
2020-09-21 23:16:48.507435  | Diagnostics/CumReplayRatio     10.0
2020-09-21 23:16:48.507450  | LengthAverage                  21.114583333333332
2020-09-21 23:16:48.507465  | LengthStd                      4.687905075090104
2020-09-21 23:16:48.507480  | LengthMedian                   21.0
2020-09-21 23:16:48.507493  | LengthMin                      9
2020-09-21 23:16:48.507507  | LengthMax                      32
2020-09-21 23:16:48.507521  | ReturnAverage                  -26.269364868445944
2020-09-21 23:16:48.507534  | ReturnStd                      9.503864845857752
2020-09-21 23:16:48.507547  | ReturnMedian                   -25.93399952352047
2020-09-21 23:16:48.507561  | ReturnMin                      -62.279757887125015
2020-09-21 23:16:48.507574  | ReturnMax                      -7.840533405542374
2020-09-21 23:16:48.507587  | NonzeroRewardsAverage          21.114583333333332
2020-09-21 23:16:48.507601  | NonzeroRewardsStd              4.687905075090104
2020-09-21 23:16:48.507614  | NonzeroRewardsMedian           21.0
2020-09-21 23:16:48.507627  | NonzeroRewardsMin              9
2020-09-21 23:16:48.507641  | NonzeroRewardsMax              32
2020-09-21 23:16:48.507654  | DiscountedReturnAverage        -23.5207994768201
2020-09-21 23:16:48.507669  | DiscountedReturnStd            8.315030407506429
2020-09-21 23:16:48.507684  | DiscountedReturnMedian         -23.223257171058044
2020-09-21 23:16:48.507699  | DiscountedReturnMin            -56.80723625927907
2020-09-21 23:16:48.507714  | DiscountedReturnMax            -7.453575419343605
2020-09-21 23:16:48.507729  | SuccessAverage                 0.0
2020-09-21 23:16:48.507744  | SuccessStd                     0.0
2020-09-21 23:16:48.507758  | SuccessMedian                  0.0
2020-09-21 23:16:48.507773  | SuccessMin                     False
2020-09-21 23:16:48.507788  | SuccessMax                     False
2020-09-21 23:16:48.507803  | InsertDepthAverage             0.002717917388192333
2020-09-21 23:16:48.507818  | InsertDepthStd                 0.004206841627883555
2020-09-21 23:16:48.507843  | InsertDepthMedian              0.002116213791844665
2020-09-21 23:16:48.507859  | InsertDepthMin                 -0.010095365288307873
2020-09-21 23:16:48.507874  | InsertDepthMax                 0.018607549774538323
2020-09-21 23:16:48.507889  | lossAverage                    75.1985207438469
2020-09-21 23:16:48.507904  | lossStd                        35.71219090799819
2020-09-21 23:16:48.507920  | lossMedian                     60.424028396606445
2020-09-21 23:16:48.507935  | lossMin                        35.130496978759766
2020-09-21 23:16:48.507949  | lossMax                        201.5613555908203
2020-09-21 23:16:48.507964  | gradNormAverage                1602.0373911857605
2020-09-21 23:16:48.507979  | gradNormStd                    1024.7135342733168
2020-09-21 23:16:48.507994  | gradNormMedian                 1326.5547485351562
2020-09-21 23:16:48.508008  | gradNormMin                    303.1080017089844
2020-09-21 23:16:48.508023  | gradNormMax                    4623.27880859375
2020-09-21 23:16:48.508038  | entropyAverage                 3.5978579975664617
2020-09-21 23:16:48.508053  | entropyStd                     0.06863216544496559
2020-09-21 23:16:48.508068  | entropyMedian                  3.593223214149475
2020-09-21 23:16:48.508082  | entropyMin                     3.4292092323303223
2020-09-21 23:16:48.508097  | entropyMax                     3.7978687286376953
2020-09-21 23:16:48.508111  | perplexityAverage              43.30133866071701
2020-09-21 23:16:48.508125  | perplexityStd                  3.891462203491431
2020-09-21 23:16:48.508137  | perplexityMedian               43.14423370361328
2020-09-21 23:16:48.508149  | perplexityMin                  33.74730682373047
2020-09-21 23:16:48.508162  | perplexityMax                  54.36619567871094
2020-09-21 23:16:48.508175  | -----------------------------  ---------------------
2020-09-21 23:16:48.508377  | run_09_21_23_10_round_09_21_23_10 itr #0 Optimizing over 1 iterations.
2020-09-21 23:19:38.402760  | run_09_21_23_10_round_09_21_23_10 itr #1 saving snapshot...
2020-09-21 23:19:38.405946  | run_09_21_23_10_round_09_21_23_10 itr #1 saved
2020-09-21 23:19:38.426435  | -----------------------------  ---------------------
2020-09-21 23:19:38.426484  | Diagnostics/NewCompletedTrajs  88
2020-09-21 23:19:38.426506  | Diagnostics/StepsInTrajWindow  2254
2020-09-21 23:19:38.426524  | Diagnostics/Iteration          1
2020-09-21 23:19:38.426539  | Diagnostics/CumTime (s)        357.5530757904053
2020-09-21 23:19:38.426553  | Diagnostics/CumSteps           4096
2020-09-21 23:19:38.426567  | Diagnostics/CumCompletedTrajs  184
2020-09-21 23:19:38.426580  | Diagnostics/CumUpdates         640
2020-09-21 23:19:38.426594  | Diagnostics/StepsPerSecond     12.052726531169622
2020-09-21 23:19:38.426608  | Diagnostics/UpdatesPerSecond   1.8832385204952535
2020-09-21 23:19:38.426621  | Diagnostics/ReplayRatio        10.0
2020-09-21 23:19:38.426635  | Diagnostics/CumReplayRatio     10.0
2020-09-21 23:19:38.426648  | LengthAverage                  22.54
2020-09-21 23:19:38.426662  | LengthStd                      4.290501136231058
2020-09-21 23:19:38.426675  | LengthMedian                   23.0
2020-09-21 23:19:38.426689  | LengthMin                      9
2020-09-21 23:19:38.426702  | LengthMax                      37
2020-09-21 23:19:38.426716  | ReturnAverage                  -29.575395784303545
2020-09-21 23:19:38.426730  | ReturnStd                      9.942829589174389
2020-09-21 23:19:38.426743  | ReturnMedian                   -28.115923449397087
2020-09-21 23:19:38.426756  | ReturnMin                      -72.24008166790009
2020-09-21 23:19:38.426770  | ReturnMax                      -8.336598299443722
2020-09-21 23:19:38.426784  | NonzeroRewardsAverage          22.54
2020-09-21 23:19:38.426797  | NonzeroRewardsStd              4.290501136231058
2020-09-21 23:19:38.426811  | NonzeroRewardsMedian           23.0
2020-09-21 23:19:38.426825  | NonzeroRewardsMin              9
2020-09-21 23:19:38.426848  | NonzeroRewardsMax              37
2020-09-21 23:19:38.426864  | DiscountedReturnAverage        -26.287503052768432
2020-09-21 23:19:38.426878  | DiscountedReturnStd            8.585691579401761
2020-09-21 23:19:38.426893  | DiscountedReturnMedian         -25.173472600201585
2020-09-21 23:19:38.426907  | DiscountedReturnMin            -62.876590094501154
2020-09-21 23:19:38.426921  | DiscountedReturnMax            -7.751000846570009
2020-09-21 23:19:38.426935  | SuccessAverage                 0.0
2020-09-21 23:19:38.426949  | SuccessStd                     0.0
2020-09-21 23:19:38.426964  | SuccessMedian                  0.0
2020-09-21 23:19:38.426979  | SuccessMin                     False
2020-09-21 23:19:38.426994  | SuccessMax                     False
2020-09-21 23:19:38.427008  | InsertDepthAverage             0.003261591358506991
2020-09-21 23:19:38.427024  | InsertDepthStd                 0.0049431770265910766
2020-09-21 23:19:38.427038  | InsertDepthMedian              0.001984940801900828
2020-09-21 23:19:38.427054  | InsertDepthMin                 -0.00696616700584185
2020-09-21 23:19:38.427068  | InsertDepthMax                 0.03267414593826992
2020-09-21 23:19:38.427083  | lossAverage                    41.73567257523537
2020-09-21 23:19:38.427098  | lossStd                        13.360447610503924
2020-09-21 23:19:38.427113  | lossMedian                     38.82217216491699
2020-09-21 23:19:38.427128  | lossMin                        19.039491653442383
2020-09-21 23:19:38.427143  | lossMax                        90.4990234375
2020-09-21 23:19:38.427158  | gradNormAverage                1395.5566109657289
2020-09-21 23:19:38.427173  | gradNormStd                    667.9177678355377
2020-09-21 23:19:38.427188  | gradNormMedian                 1281.018310546875
2020-09-21 23:19:38.427203  | gradNormMin                    364.297607421875
2020-09-21 23:19:38.427217  | gradNormMax                    3701.798095703125
2020-09-21 23:19:38.427232  | entropyAverage                 3.550053972005844
2020-09-21 23:19:38.427246  | entropyStd                     0.05949669053112497
2020-09-21 23:19:38.427261  | entropyMedian                  3.5456080436706543
2020-09-21 23:19:38.427275  | entropyMin                     3.4012279510498047
2020-09-21 23:19:38.427289  | entropyMax                     3.7311606407165527
2020-09-21 23:19:38.427302  | perplexityAverage              40.43139340877533
2020-09-21 23:19:38.427315  | perplexityStd                  3.2290717515450793
2020-09-21 23:19:38.427328  | perplexityMedian               40.22754096984863
2020-09-21 23:19:38.427342  | perplexityMin                  32.29194641113281
2020-09-21 23:19:38.427355  | perplexityMax                  50.121517181396484
2020-09-21 23:19:38.427368  | -----------------------------  ---------------------
2020-09-21 23:19:38.427491  | run_09_21_23_10_round_09_21_23_10 itr #1 Optimizing over 1 iterations.
2020-09-21 23:22:54.325662  | run_09_21_23_10_round_09_21_23_10 itr #2 saving snapshot...
2020-09-21 23:22:54.328860  | run_09_21_23_10_round_09_21_23_10 itr #2 saved
2020-09-21 23:22:54.349605  | -----------------------------  ---------------------
2020-09-21 23:22:54.349661  | Diagnostics/NewCompletedTrajs  97
2020-09-21 23:22:54.349686  | Diagnostics/StepsInTrajWindow  2134
2020-09-21 23:22:54.349704  | Diagnostics/Iteration          2
2020-09-21 23:22:54.349721  | Diagnostics/CumTime (s)        553.4759812355042
2020-09-21 23:22:54.349737  | Diagnostics/CumSteps           6144
2020-09-21 23:22:54.349751  | Diagnostics/CumCompletedTrajs  281
2020-09-21 23:22:54.349765  | Diagnostics/CumUpdates         960
2020-09-21 23:22:54.349778  | Diagnostics/StepsPerSecond     10.453091206193276
2020-09-21 23:22:54.349792  | Diagnostics/UpdatesPerSecond   1.6332955009676995
2020-09-21 23:22:54.349806  | Diagnostics/ReplayRatio        10.0
2020-09-21 23:22:54.349819  | Diagnostics/CumReplayRatio     10.0
2020-09-21 23:22:54.349833  | LengthAverage                  21.34
2020-09-21 23:22:54.349846  | LengthStd                      4.200523776864023
2020-09-21 23:22:54.349866  | LengthMedian                   21.0
2020-09-21 23:22:54.349880  | LengthMin                      12
2020-09-21 23:22:54.349893  | LengthMax                      30
2020-09-21 23:22:54.349906  | ReturnAverage                  -27.613644021451474
2020-09-21 23:22:54.349919  | ReturnStd                      9.132851860949243
2020-09-21 23:22:54.349932  | ReturnMedian                   -26.5896657705307
2020-09-21 23:22:54.349945  | ReturnMin                      -67.87529802322388
2020-09-21 23:22:54.349958  | ReturnMax                      -8.74949985742569
2020-09-21 23:22:54.349971  | NonzeroRewardsAverage          21.34
2020-09-21 23:22:54.349983  | NonzeroRewardsStd              4.200523776864023
2020-09-21 23:22:54.349997  | NonzeroRewardsMedian           21.0
2020-09-21 23:22:54.350011  | NonzeroRewardsMin              12
2020-09-21 23:22:54.350026  | NonzeroRewardsMax              30
2020-09-21 23:22:54.350040  | DiscountedReturnAverage        -24.69104969349148
2020-09-21 23:22:54.350055  | DiscountedReturnStd            7.853153516247726
2020-09-21 23:22:54.350069  | DiscountedReturnMedian         -24.347197354044198
2020-09-21 23:22:54.350084  | DiscountedReturnMin            -61.055363847617485
2020-09-21 23:22:54.350098  | DiscountedReturnMax            -8.293283285643737
2020-09-21 23:22:54.350111  | SuccessAverage                 0.0
2020-09-21 23:22:54.350126  | SuccessStd                     0.0
2020-09-21 23:22:54.350140  | SuccessMedian                  0.0
2020-09-21 23:22:54.350155  | SuccessMin                     False
2020-09-21 23:22:54.350169  | SuccessMax                     False
2020-09-21 23:22:54.350184  | InsertDepthAverage             0.003741427521996392
2020-09-21 23:22:54.350198  | InsertDepthStd                 0.004990245489161103
2020-09-21 23:22:54.350213  | InsertDepthMedian              0.0019815236708974893
2020-09-21 23:22:54.350228  | InsertDepthMin                 -0.002169105527813131
2020-09-21 23:22:54.350243  | InsertDepthMax                 0.025311989862827344
2020-09-21 23:22:54.350257  | lossAverage                    37.016070041060445
2020-09-21 23:22:54.350272  | lossStd                        14.15715927785737
2020-09-21 23:22:54.350287  | lossMedian                     35.35772514343262
2020-09-21 23:22:54.350302  | lossMin                        12.722604751586914
2020-09-21 23:22:54.350317  | lossMax                        84.28510284423828
2020-09-21 23:22:54.350332  | gradNormAverage                1333.042927646637
2020-09-21 23:22:54.350347  | gradNormStd                    641.3406180834223
2020-09-21 23:22:54.350361  | gradNormMedian                 1189.2432250976562
2020-09-21 23:22:54.350376  | gradNormMin                    405.50054931640625
2020-09-21 23:22:54.350391  | gradNormMax                    3968.2607421875
2020-09-21 23:22:54.350406  | entropyAverage                 3.547852319478989
2020-09-21 23:22:54.350420  | entropyStd                     0.05993941788087173
2020-09-21 23:22:54.350435  | entropyMedian                  3.5467216968536377
2020-09-21 23:22:54.350449  | entropyMin                     3.3836231231689453
2020-09-21 23:22:54.350464  | entropyMax                     3.730205774307251
2020-09-21 23:22:54.350477  | perplexityAverage              40.093235397338866
2020-09-21 23:22:54.350489  | perplexityStd                  3.19016966946195
2020-09-21 23:22:54.350502  | perplexityMedian               39.98562431335449
2020-09-21 23:22:54.350515  | perplexityMin                  31.396507263183594
2020-09-21 23:22:54.350528  | perplexityMax                  49.89004898071289
2020-09-21 23:22:54.350541  | -----------------------------  ---------------------
2020-09-21 23:22:54.350670  | run_09_21_23_10_round_09_21_23_10 itr #2 Optimizing over 1 iterations.
2020-09-21 23:25:55.300409  | run_09_21_23_10_round_09_21_23_10 itr #3 saving snapshot...
2020-09-21 23:25:55.303589  | run_09_21_23_10_round_09_21_23_10 itr #3 saved
2020-09-21 23:25:55.323996  | -----------------------------  ---------------------
2020-09-21 23:25:55.324055  | Diagnostics/NewCompletedTrajs  93
2020-09-21 23:25:55.324078  | Diagnostics/StepsInTrajWindow  2156
2020-09-21 23:25:55.324096  | Diagnostics/Iteration          3
2020-09-21 23:25:55.324112  | Diagnostics/CumTime (s)        734.4507112503052
2020-09-21 23:25:55.324128  | Diagnostics/CumSteps           8192
2020-09-21 23:25:55.324144  | Diagnostics/CumCompletedTrajs  374
2020-09-21 23:25:55.324159  | Diagnostics/CumUpdates         1280
2020-09-21 23:25:55.324173  | Diagnostics/StepsPerSecond     11.316497059188896
2020-09-21 23:25:55.324188  | Diagnostics/UpdatesPerSecond   1.7682026654982648
2020-09-21 23:25:55.324203  | Diagnostics/ReplayRatio        10.0
2020-09-21 23:25:55.324218  | Diagnostics/CumReplayRatio     10.0
2020-09-21 23:25:55.324232  | LengthAverage                  21.56
2020-09-21 23:25:55.324247  | LengthStd                      4.546031236144336
2020-09-21 23:25:55.324261  | LengthMedian                   22.0
2020-09-21 23:25:55.324274  | LengthMin                      5
2020-09-21 23:25:55.324287  | LengthMax                      33
2020-09-21 23:25:55.324300  | ReturnAverage                  -26.79258159250021
2020-09-21 23:25:55.324313  | ReturnStd                      9.105975104332503
2020-09-21 23:25:55.324326  | ReturnMedian                   -27.1799438893795
2020-09-21 23:25:55.324339  | ReturnMin                      -70.81378930807114
2020-09-21 23:25:55.324352  | ReturnMax                      1.4729022979736328
2020-09-21 23:25:55.324366  | NonzeroRewardsAverage          21.56
2020-09-21 23:25:55.324378  | NonzeroRewardsStd              4.546031236144336
2020-09-21 23:25:55.324392  | NonzeroRewardsMedian           22.0
2020-09-21 23:25:55.324404  | NonzeroRewardsMin              5
2020-09-21 23:25:55.324417  | NonzeroRewardsMax              33
2020-09-21 23:25:55.324430  | DiscountedReturnAverage        -23.908623686479135
2020-09-21 23:25:55.324443  | DiscountedReturnStd            7.7973939618627925
2020-09-21 23:25:55.324457  | DiscountedReturnMedian         -24.298304853175118
2020-09-21 23:25:55.324470  | DiscountedReturnMin            -62.18457953191432
2020-09-21 23:25:55.324483  | DiscountedReturnMax            1.3330913818254828
2020-09-21 23:25:55.324496  | SuccessAverage                 0.02
2020-09-21 23:25:55.324509  | SuccessStd                     0.13999999999999999
2020-09-21 23:25:55.324522  | SuccessMedian                  0.0
2020-09-21 23:25:55.324535  | SuccessMin                     False
2020-09-21 23:25:55.324548  | SuccessMax                     True
2020-09-21 23:25:55.324562  | InsertDepthAverage             0.0029637376655218205
2020-09-21 23:25:55.324576  | InsertDepthStd                 0.005847470696771546
2020-09-21 23:25:55.324591  | InsertDepthMedian              0.0021204522922739083
2020-09-21 23:25:55.324605  | InsertDepthMin                 -0.019049442210077455
2020-09-21 23:25:55.324619  | InsertDepthMax                 0.028725403370841895
2020-09-21 23:25:55.324634  | lossAverage                    29.863132199645044
2020-09-21 23:25:55.324648  | lossStd                        9.18675525431834
2020-09-21 23:25:55.324663  | lossMedian                     27.618947982788086
2020-09-21 23:25:55.324678  | lossMin                        13.21090030670166
2020-09-21 23:25:55.324692  | lossMax                        57.509281158447266
2020-09-21 23:25:55.324706  | gradNormAverage                1363.8205677986145
2020-09-21 23:25:55.324721  | gradNormStd                    591.7147939355634
2020-09-21 23:25:55.324736  | gradNormMedian                 1210.1343383789062
2020-09-21 23:25:55.324750  | gradNormMin                    466.67291259765625
2020-09-21 23:25:55.324765  | gradNormMax                    3671.97021484375
2020-09-21 23:25:55.324779  | entropyAverage                 3.523407133668661
2020-09-21 23:25:55.324794  | entropyStd                     0.056190227282780336
2020-09-21 23:25:55.324809  | entropyMedian                  3.528007745742798
2020-09-21 23:25:55.324823  | entropyMin                     3.3943867683410645
2020-09-21 23:25:55.324845  | entropyMax                     3.661642074584961
2020-09-21 23:25:55.324861  | perplexityAverage              38.83760690689087
2020-09-21 23:25:55.324876  | perplexityStd                  2.9494940760024297
2020-09-21 23:25:55.324891  | perplexityMedian               39.0124454498291
2020-09-21 23:25:55.324906  | perplexityMin                  32.1867790222168
2020-09-21 23:25:55.324921  | perplexityMax                  46.2966194152832
2020-09-21 23:25:55.324935  | -----------------------------  ---------------------
2020-09-21 23:25:55.325068  | run_09_21_23_10_round_09_21_23_10 itr #3 Optimizing over 1 iterations.
2020-09-21 23:29:11.821734  | run_09_21_23_10_round_09_21_23_10 itr #4 saving snapshot...
2020-09-21 23:29:11.824875  | run_09_21_23_10_round_09_21_23_10 itr #4 saved
2020-09-21 23:29:11.845392  | -----------------------------  ---------------------
2020-09-21 23:29:11.845454  | Diagnostics/NewCompletedTrajs  105
2020-09-21 23:29:11.845478  | Diagnostics/StepsInTrajWindow  1985
2020-09-21 23:29:11.845497  | Diagnostics/Iteration          4
2020-09-21 23:29:11.845515  | Diagnostics/CumTime (s)        930.9719965457916
2020-09-21 23:29:11.845533  | Diagnostics/CumSteps           10240
2020-09-21 23:29:11.845550  | Diagnostics/CumCompletedTrajs  479
2020-09-21 23:29:11.845568  | Diagnostics/CumUpdates         1600
2020-09-21 23:29:11.845585  | Diagnostics/StepsPerSecond     10.421263004262658
2020-09-21 23:29:11.845602  | Diagnostics/UpdatesPerSecond   1.6283223444160402
2020-09-21 23:29:11.845619  | Diagnostics/ReplayRatio        10.0
2020-09-21 23:29:11.845635  | Diagnostics/CumReplayRatio     10.0
2020-09-21 23:29:11.845657  | LengthAverage                  19.85
2020-09-21 23:29:11.845677  | LengthStd                      4.352872614722375
2020-09-21 23:29:11.845694  | LengthMedian                   19.5
2020-09-21 23:29:11.845710  | LengthMin                      8
2020-09-21 23:29:11.845725  | LengthMax                      32
2020-09-21 23:29:11.845741  | ReturnAverage                  -24.701996960043907
2020-09-21 23:29:11.845756  | ReturnStd                      9.346958007972514
2020-09-21 23:29:11.845771  | ReturnMedian                   -23.264708414673805
2020-09-21 23:29:11.845786  | ReturnMin                      -65.75748324394226
2020-09-21 23:29:11.845800  | ReturnMax                      -3.264596551656723
2020-09-21 23:29:11.845814  | NonzeroRewardsAverage          19.85
2020-09-21 23:29:11.845827  | NonzeroRewardsStd              4.352872614722375
2020-09-21 23:29:11.845841  | NonzeroRewardsMedian           19.5
2020-09-21 23:29:11.845854  | NonzeroRewardsMin              8
2020-09-21 23:29:11.845868  | NonzeroRewardsMax              32
2020-09-21 23:29:11.845881  | DiscountedReturnAverage        -22.274976453750547
2020-09-21 23:29:11.845895  | DiscountedReturnStd            8.204455622089219
2020-09-21 23:29:11.845908  | DiscountedReturnMedian         -21.05127912582229
2020-09-21 23:29:11.845921  | DiscountedReturnMin            -59.653205087048576
2020-09-21 23:29:11.845935  | DiscountedReturnMax            -3.4078335904568533
2020-09-21 23:29:11.845948  | SuccessAverage                 0.01
2020-09-21 23:29:11.845962  | SuccessStd                     0.09949874371066199
2020-09-21 23:29:11.845975  | SuccessMedian                  0.0
2020-09-21 23:29:11.845988  | SuccessMin                     False
2020-09-21 23:29:11.846002  | SuccessMax                     True
2020-09-21 23:29:11.846015  | InsertDepthAverage             0.003185989070160261
2020-09-21 23:29:11.846029  | InsertDepthStd                 0.006061810250263566
2020-09-21 23:29:11.846042  | InsertDepthMedian              0.0019956849737141485
2020-09-21 23:29:11.846055  | InsertDepthMin                 -0.019054364553509395
2020-09-21 23:29:11.846069  | InsertDepthMax                 0.040766792437550325
2020-09-21 23:29:11.846082  | lossAverage                    25.54489583671093
2020-09-21 23:29:11.846096  | lossStd                        9.70667229356157
2020-09-21 23:29:11.846122  | lossMedian                     23.64913272857666
2020-09-21 23:29:11.846138  | lossMin                        8.66038703918457
2020-09-21 23:29:11.846152  | lossMax                        55.63911437988281
2020-09-21 23:29:11.846166  | gradNormAverage                1338.053169155121
2020-09-21 23:29:11.846181  | gradNormStd                    603.3707016846862
2020-09-21 23:29:11.846195  | gradNormMedian                 1207.2720947265625
2020-09-21 23:29:11.846209  | gradNormMin                    356.84619140625
2020-09-21 23:29:11.846223  | gradNormMax                    3873.37451171875
2020-09-21 23:29:11.846238  | entropyAverage                 3.5562664598226545
2020-09-21 23:29:11.846252  | entropyStd                     0.0629209729658891
2020-09-21 23:29:11.846267  | entropyMedian                  3.553845167160034
2020-09-21 23:29:11.846282  | entropyMin                     3.4103217124938965
2020-09-21 23:29:11.846297  | entropyMax                     3.759080648422241
2020-09-21 23:29:11.846311  | perplexityAverage              40.633872830867766
2020-09-21 23:29:11.846326  | perplexityStd                  3.2308254764656064
2020-09-21 23:29:11.846341  | perplexityMedian               40.46331787109375
2020-09-21 23:29:11.846355  | perplexityMin                  33.211917877197266
2020-09-21 23:29:11.846370  | perplexityMax                  51.000911712646484
2020-09-21 23:29:11.846385  | -----------------------------  ---------------------
2020-09-21 23:29:11.846516  | run_09_21_23_10_round_09_21_23_10 itr #4 Optimizing over 1 iterations.
2020-09-21 23:32:16.228974  | run_09_21_23_10_round_09_21_23_10 itr #5 saving snapshot...
2020-09-21 23:32:16.232460  | run_09_21_23_10_round_09_21_23_10 itr #5 saved
2020-09-21 23:32:16.263873  | -----------------------------  ----------------------
2020-09-21 23:32:16.263916  | Diagnostics/NewCompletedTrajs  101
2020-09-21 23:32:16.263927  | Diagnostics/StepsInTrajWindow  2042
2020-09-21 23:32:16.263935  | Diagnostics/Iteration          5
2020-09-21 23:32:16.263942  | Diagnostics/CumTime (s)        1115.3796000480652
2020-09-21 23:32:16.263951  | Diagnostics/CumSteps           12288
2020-09-21 23:32:16.263960  | Diagnostics/CumCompletedTrajs  580
2020-09-21 23:32:16.263968  | Diagnostics/CumUpdates         1920
2020-09-21 23:32:16.263976  | Diagnostics/StepsPerSecond     11.105832737394422
2020-09-21 23:32:16.263985  | Diagnostics/UpdatesPerSecond   1.7352863652178785
2020-09-21 23:32:16.263998  | Diagnostics/ReplayRatio        10.0
2020-09-21 23:32:16.264006  | Diagnostics/CumReplayRatio     10.0
2020-09-21 23:32:16.264014  | LengthAverage                  20.42
2020-09-21 23:32:16.264022  | LengthStd                      3.9349205836967025
2020-09-21 23:32:16.264030  | LengthMedian                   20.5
2020-09-21 23:32:16.264038  | LengthMin                      13
2020-09-21 23:32:16.264046  | LengthMax                      31
2020-09-21 23:32:16.264055  | ReturnAverage                  -24.47592739418149
2020-09-21 23:32:16.264063  | ReturnStd                      8.016912602065263
2020-09-21 23:32:16.264071  | ReturnMedian                   -24.337825894355774
2020-09-21 23:32:16.264079  | ReturnMin                      -68.05400538444519
2020-09-21 23:32:16.264087  | ReturnMax                      -8.762795373797417
2020-09-21 23:32:16.264095  | NonzeroRewardsAverage          20.42
2020-09-21 23:32:16.264103  | NonzeroRewardsStd              3.9349205836967025
2020-09-21 23:32:16.264111  | NonzeroRewardsMedian           20.5
2020-09-21 23:32:16.264119  | NonzeroRewardsMin              13
2020-09-21 23:32:16.264127  | NonzeroRewardsMax              31
2020-09-21 23:32:16.264135  | DiscountedReturnAverage        -21.99499345778117
2020-09-21 23:32:16.264143  | DiscountedReturnStd            6.991633027904227
2020-09-21 23:32:16.264151  | DiscountedReturnMedian         -21.882221995511728
2020-09-21 23:32:16.264159  | DiscountedReturnMin            -61.24944031131907
2020-09-21 23:32:16.264167  | DiscountedReturnMax            -8.279258958572903
2020-09-21 23:32:16.264183  | SuccessAverage                 0.0
2020-09-21 23:32:16.264191  | SuccessStd                     0.0
2020-09-21 23:32:16.264198  | SuccessMedian                  0.0
2020-09-21 23:32:16.264206  | SuccessMin                     False
2020-09-21 23:32:16.264214  | SuccessMax                     False
2020-09-21 23:32:16.264222  | InsertDepthAverage             0.0033085813066902297
2020-09-21 23:32:16.264230  | InsertDepthStd                 0.005339722925201759
2020-09-21 23:32:16.264237  | InsertDepthMedian              0.0017532987946201756
2020-09-21 23:32:16.264245  | InsertDepthMin                 -0.0027072658534577354
2020-09-21 23:32:16.264253  | InsertDepthMax                 0.03240098116800219
2020-09-21 23:32:16.264261  | lossAverage                    22.28353870511055
2020-09-21 23:32:16.264268  | lossStd                        8.563642439836034
2020-09-21 23:32:16.264276  | lossMedian                     19.43271541595459
2020-09-21 23:32:16.264284  | lossMin                        9.476353645324707
2020-09-21 23:32:16.264291  | lossMax                        53.725276947021484
2020-09-21 23:32:16.264299  | gradNormAverage                1196.5940071105956
2020-09-21 23:32:16.264307  | gradNormStd                    518.2265837494419
2020-09-21 23:32:16.264315  | gradNormMedian                 1074.1932373046875
2020-09-21 23:32:16.264323  | gradNormMin                    456.2510681152344
2020-09-21 23:32:16.264330  | gradNormMax                    3722.544189453125
2020-09-21 23:32:16.264338  | entropyAverage                 3.5401616141200067
2020-09-21 23:32:16.264346  | entropyStd                     0.05704901050608837
2020-09-21 23:32:16.264353  | entropyMedian                  3.5369784832000732
2020-09-21 23:32:16.264361  | entropyMin                     3.3975791931152344
2020-09-21 23:32:16.264369  | entropyMax                     3.737076759338379
2020-09-21 23:32:16.264376  | perplexityAverage              39.781419813632965
2020-09-21 23:32:16.264384  | perplexityStd                  2.888823602608024
2020-09-21 23:32:16.264392  | perplexityMedian               39.55030632019043
2020-09-21 23:32:16.264400  | perplexityMin                  32.56168746948242
2020-09-21 23:32:16.264407  | perplexityMax                  49.492374420166016
2020-09-21 23:32:16.264415  | -----------------------------  ----------------------
2020-09-21 23:32:16.264491  | run_09_21_23_10_round_09_21_23_10 itr #5 Optimizing over 1 iterations.
2020-09-21 23:35:46.445714  | run_09_21_23_10_round_09_21_23_10 itr #6 saving snapshot...
2020-09-21 23:35:46.448850  | run_09_21_23_10_round_09_21_23_10 itr #6 saved
2020-09-21 23:35:46.469595  | -----------------------------  ---------------------
2020-09-21 23:35:46.469647  | Diagnostics/NewCompletedTrajs  98
2020-09-21 23:35:46.469676  | Diagnostics/StepsInTrajWindow  2009
2020-09-21 23:35:46.469694  | Diagnostics/Iteration          6
2020-09-21 23:35:46.469712  | Diagnostics/CumTime (s)        1325.5959737300873
2020-09-21 23:35:46.469729  | Diagnostics/CumSteps           14336
2020-09-21 23:35:46.469745  | Diagnostics/CumCompletedTrajs  678
2020-09-21 23:35:46.469760  | Diagnostics/CumUpdates         2240
2020-09-21 23:35:46.469776  | Diagnostics/StepsPerSecond     9.742342920908007
2020-09-21 23:35:46.469792  | Diagnostics/UpdatesPerSecond   1.5222410813918759
2020-09-21 23:35:46.469807  | Diagnostics/ReplayRatio        10.0
2020-09-21 23:35:46.469823  | Diagnostics/CumReplayRatio     10.0
2020-09-21 23:35:46.469839  | LengthAverage                  20.09
2020-09-21 23:35:46.469854  | LengthStd                      4.19784468507352
2020-09-21 23:35:46.469869  | LengthMedian                   19.0
2020-09-21 23:35:46.469884  | LengthMin                      13
2020-09-21 23:35:46.469899  | LengthMax                      33
2020-09-21 23:35:46.469915  | ReturnAverage                  -25.478065582960845
2020-09-21 23:35:46.469930  | ReturnStd                      11.50970317322632
2020-09-21 23:35:46.469946  | ReturnMedian                   -23.079944223165512
2020-09-21 23:35:46.469970  | ReturnMin                      -76.44780188798904
2020-09-21 23:35:46.469986  | ReturnMax                      -10.722645729780197
2020-09-21 23:35:46.470001  | NonzeroRewardsAverage          20.09
2020-09-21 23:35:46.470015  | NonzeroRewardsStd              4.19784468507352
2020-09-21 23:35:46.470029  | NonzeroRewardsMedian           19.0
2020-09-21 23:35:46.470043  | NonzeroRewardsMin              13
2020-09-21 23:35:46.470056  | NonzeroRewardsMax              33
2020-09-21 23:35:46.470069  | DiscountedReturnAverage        -22.814739236389592
2020-09-21 23:35:46.470083  | DiscountedReturnStd            9.744099074163184
2020-09-21 23:35:46.470096  | DiscountedReturnMedian         -20.936832264791626
2020-09-21 23:35:46.470109  | DiscountedReturnMin            -65.5914596203611
2020-09-21 23:35:46.470122  | DiscountedReturnMax            -9.946998555603416
2020-09-21 23:35:46.470135  | SuccessAverage                 0.0
2020-09-21 23:35:46.470148  | SuccessStd                     0.0
2020-09-21 23:35:46.470162  | SuccessMedian                  0.0
2020-09-21 23:35:46.470175  | SuccessMin                     False
2020-09-21 23:35:46.470188  | SuccessMax                     False
2020-09-21 23:35:46.470201  | InsertDepthAverage             0.0031641941532646756
2020-09-21 23:35:46.470214  | InsertDepthStd                 0.0037202817350048705
2020-09-21 23:35:46.470227  | InsertDepthMedian              0.0017920293118557085
2020-09-21 23:35:46.470240  | InsertDepthMin                 -0.002100194151042317
2020-09-21 23:35:46.470253  | InsertDepthMax                 0.020394339402580258
2020-09-21 23:35:46.470266  | lossAverage                    50.35729957222939
2020-09-21 23:35:46.470279  | lossStd                        20.830329018813053
2020-09-21 23:35:46.470292  | lossMedian                     49.267621994018555
2020-09-21 23:35:46.470305  | lossMin                        14.984086036682129
2020-09-21 23:35:46.470318  | lossMax                        152.28697204589844
2020-09-21 23:35:46.470331  | gradNormAverage                1783.0751861572267
2020-09-21 23:35:46.470344  | gradNormStd                    808.6946914503567
2020-09-21 23:35:46.470357  | gradNormMedian                 1613.80419921875
2020-09-21 23:35:46.470371  | gradNormMin                    628.9749145507812
2020-09-21 23:35:46.470385  | gradNormMax                    6170.37646484375
2020-09-21 23:35:46.470399  | entropyAverage                 3.5253172285854815
2020-09-21 23:35:46.470414  | entropyStd                     0.06558884479575076
2020-09-21 23:35:46.470428  | entropyMedian                  3.5181455612182617
2020-09-21 23:35:46.470442  | entropyMin                     3.3708133697509766
2020-09-21 23:35:46.470457  | entropyMax                     3.7298383712768555
2020-09-21 23:35:46.470470  | perplexityAverage              39.22771020531654
2020-09-21 23:35:46.470484  | perplexityStd                  3.2617858704375404
2020-09-21 23:35:46.470499  | perplexityMedian               38.85336685180664
2020-09-21 23:35:46.470513  | perplexityMin                  31.57975959777832
2020-09-21 23:35:46.470528  | perplexityMax                  49.52106857299805
2020-09-21 23:35:46.470543  | -----------------------------  ---------------------
2020-09-21 23:35:46.470675  | run_09_21_23_10_round_09_21_23_10 itr #6 Optimizing over 1 iterations.
2020-09-21 23:39:06.692007  | run_09_21_23_10_round_09_21_23_10 itr #7 saving snapshot...
2020-09-21 23:39:06.695163  | run_09_21_23_10_round_09_21_23_10 itr #7 saved
2020-09-21 23:39:06.715689  | -----------------------------  ---------------------
2020-09-21 23:39:06.715736  | Diagnostics/NewCompletedTrajs  106
2020-09-21 23:39:06.715754  | Diagnostics/StepsInTrajWindow  2027
2020-09-21 23:39:06.715769  | Diagnostics/Iteration          7
2020-09-21 23:39:06.715783  | Diagnostics/CumTime (s)        1525.8422877788544
2020-09-21 23:39:06.715799  | Diagnostics/CumSteps           16384
2020-09-21 23:39:06.715813  | Diagnostics/CumCompletedTrajs  784
2020-09-21 23:39:06.715837  | Diagnostics/CumUpdates         2560
2020-09-21 23:39:06.715853  | Diagnostics/StepsPerSecond     10.227404233274623
2020-09-21 23:39:06.715867  | Diagnostics/UpdatesPerSecond   1.5980319114491597
2020-09-21 23:39:06.715882  | Diagnostics/ReplayRatio        10.0
2020-09-21 23:39:06.715897  | Diagnostics/CumReplayRatio     10.0
2020-09-21 23:39:06.715911  | LengthAverage                  20.27
2020-09-21 23:39:06.715925  | LengthStd                      4.007131143349317
2020-09-21 23:39:06.715939  | LengthMedian                   20.0
2020-09-21 23:39:06.715954  | LengthMin                      13
2020-09-21 23:39:06.715969  | LengthMax                      35
2020-09-21 23:39:06.715983  | ReturnAverage                  -22.768347181081772
2020-09-21 23:39:06.715997  | ReturnStd                      7.0017552411769755
2020-09-21 23:39:06.716012  | ReturnMedian                   -22.96267145872116
2020-09-21 23:39:06.716027  | ReturnMin                      -47.73720473051071
2020-09-21 23:39:06.716042  | ReturnMax                      -4.643504619598389
2020-09-21 23:39:06.716056  | NonzeroRewardsAverage          20.27
2020-09-21 23:39:06.716071  | NonzeroRewardsStd              4.007131143349317
2020-09-21 23:39:06.716086  | NonzeroRewardsMedian           20.0
2020-09-21 23:39:06.716100  | NonzeroRewardsMin              13
2020-09-21 23:39:06.716115  | NonzeroRewardsMax              35
2020-09-21 23:39:06.716130  | DiscountedReturnAverage        -20.49316216424153
2020-09-21 23:39:06.716145  | DiscountedReturnStd            5.924257011038067
2020-09-21 23:39:06.716159  | DiscountedReturnMedian         -20.60529221573841
2020-09-21 23:39:06.716174  | DiscountedReturnMin            -39.82322794228544
2020-09-21 23:39:06.716189  | DiscountedReturnMax            -4.756481683338511
2020-09-21 23:39:06.716203  | SuccessAverage                 0.01
2020-09-21 23:39:06.716217  | SuccessStd                     0.09949874371066199
2020-09-21 23:39:06.716230  | SuccessMedian                  0.0
2020-09-21 23:39:06.716244  | SuccessMin                     False
2020-09-21 23:39:06.716257  | SuccessMax                     True
2020-09-21 23:39:06.716270  | InsertDepthAverage             0.0023564224252619775
2020-09-21 23:39:06.716283  | InsertDepthStd                 0.003997586829292604
2020-09-21 23:39:06.716296  | InsertDepthMedian              0.001790681566260624
2020-09-21 23:39:06.716309  | InsertDepthMin                 -0.01908169266227905
2020-09-21 23:39:06.716322  | InsertDepthMax                 0.021347373285841825
2020-09-21 23:39:06.716335  | lossAverage                    20.72889851927757
2020-09-21 23:39:06.716348  | lossStd                        4.6138796222622265
2020-09-21 23:39:06.716362  | lossMedian                     20.26726245880127
2020-09-21 23:39:06.716375  | lossMin                        8.920531272888184
2020-09-21 23:39:06.716388  | lossMax                        34.575355529785156
2020-09-21 23:39:06.716401  | gradNormAverage                1118.0311211586
