2020-10-17 22:29:45.830005  | run_10_17_22_29_square_10_17_22_29 Runner  master CPU affinity: [0, 1, 2, 3, 4, 5, 6, 7, 8, 9, 10, 11, 12, 13, 14, 15].
2020-10-17 22:29:45.830045  | run_10_17_22_29_square_10_17_22_29 Runner  master Torch threads: 8.
2020-10-17 22:29:47.737806  | run_10_17_22_29_square_10_17_22_29 Sampler rank 0 initialized, CPU affinity [4], Torch threads 1, Seed 19
2020-10-17 22:29:47.766666  | run_10_17_22_29_square_10_17_22_29 Sampler rank 1 initialized, CPU affinity [5], Torch threads 1, Seed 20
2020-10-17 22:29:47.779618  | run_10_17_22_29_square_10_17_22_29 Sampler rank 2 initialized, CPU affinity [6], Torch threads 1, Seed 21
2020-10-17 22:29:47.794656  | run_10_17_22_29_square_10_17_22_29 Sampler rank 3 initialized, CPU affinity [7], Torch threads 1, Seed 22
2020-10-17 22:29:51.761099  | run_10_17_22_29_square_10_17_22_29 Sampler decorrelating envs, max steps: 10
2020-10-17 22:29:55.040190  | run_10_17_22_29_square_10_17_22_29 Running 488 iterations of minibatch RL.
2020-10-17 22:29:56.575083  | run_10_17_22_29_square_10_17_22_29 Initialized agent model on device: cuda:1.
2020-10-17 22:29:56.575528  | run_10_17_22_29_square_10_17_22_29 Optimizing over 1 iterations.
2020-10-17 22:31:40.484664  | run_10_17_22_29_square_10_17_22_29 itr #0 saving snapshot...
2020-10-17 22:31:40.487088  | run_10_17_22_29_square_10_17_22_29 itr #0 saved
2020-10-17 22:31:40.522091  | -----------------------------  ---------------------
2020-10-17 22:31:40.522130  | Diagnostics/NewCompletedTrajs  170
2020-10-17 22:31:40.522145  | Diagnostics/StepsInTrajWindow  1152
2020-10-17 22:31:40.522156  | Diagnostics/Iteration          0
2020-10-17 22:31:40.522169  | Diagnostics/CumTime (s)        103.9115560054779
2020-10-17 22:31:40.522180  | Diagnostics/CumSteps           2048
2020-10-17 22:31:40.522192  | Diagnostics/CumCompletedTrajs  170
2020-10-17 22:31:40.522203  | Diagnostics/CumUpdates         320
2020-10-17 22:31:40.522214  | Diagnostics/StepsPerSecond     nan
2020-10-17 22:31:40.522225  | Diagnostics/UpdatesPerSecond   nan
2020-10-17 22:31:40.522236  | Diagnostics/ReplayRatio        10.0
2020-10-17 22:31:40.522247  | Diagnostics/CumReplayRatio     10.0
2020-10-17 22:31:40.522258  | LengthAverage                  11.52
2020-10-17 22:31:40.522269  | LengthStd                      4.6118976571472174
2020-10-17 22:31:40.522280  | LengthMedian                   11.0
2020-10-17 22:31:40.522291  | LengthMin                      4
2020-10-17 22:31:40.522303  | LengthMax                      34
2020-10-17 22:31:40.522314  | ReturnAverage                  -17.421472662463785
2020-10-17 22:31:40.522325  | ReturnStd                      13.632349951055462
2020-10-17 22:31:40.522337  | ReturnMedian                   -12.545461058616638
2020-10-17 22:31:40.522348  | ReturnMin                      -75.69442582130432
2020-10-17 22:31:40.522359  | ReturnMax                      -0.556322455406189
2020-10-17 22:31:40.522370  | NonzeroRewardsAverage          11.52
2020-10-17 22:31:40.522381  | NonzeroRewardsStd              4.6118976571472174
2020-10-17 22:31:40.522392  | NonzeroRewardsMedian           11.0
2020-10-17 22:31:40.522403  | NonzeroRewardsMin              4
2020-10-17 22:31:40.522415  | NonzeroRewardsMax              34
2020-10-17 22:31:40.522426  | DiscountedReturnAverage        -16.462676547565387
2020-10-17 22:31:40.522437  | DiscountedReturnStd            12.200660983265255
2020-10-17 22:31:40.522448  | DiscountedReturnMedian         -12.263466126339123
2020-10-17 22:31:40.522459  | DiscountedReturnMin            -65.05816041176506
2020-10-17 22:31:40.522471  | DiscountedReturnMax            -0.6523124673171052
2020-10-17 22:31:40.522482  | SuccessAverage                 0.77
2020-10-17 22:31:40.522493  | SuccessStd                     0.4208325082500163
2020-10-17 22:31:40.522504  | SuccessMedian                  1.0
2020-10-17 22:31:40.522515  | SuccessMin                     False
2020-10-17 22:31:40.522526  | SuccessMax                     True
2020-10-17 22:31:40.522538  | InsertDepthAverage             -0.013737574213161652
2020-10-17 22:31:40.522555  | InsertDepthStd                 0.00844517596668815
2020-10-17 22:31:40.522566  | InsertDepthMedian              -0.01823755894002077
2020-10-17 22:31:40.522577  | InsertDepthMin                 -0.018947805349766006
2020-10-17 22:31:40.522588  | InsertDepthMax                 0.004241772793051102
2020-10-17 22:31:40.522599  | lossAverage                    45.93895432949066
2020-10-17 22:31:40.522609  | lossStd                        12.191651806442827
2020-10-17 22:31:40.522620  | lossMedian                     44.06722450256348
2020-10-17 22:31:40.522631  | lossMin                        20.400747299194336
2020-10-17 22:31:40.522642  | lossMax                        92.39424133300781
2020-10-17 22:31:40.522652  | gradNormAverage                4437.053997421264
2020-10-17 22:31:40.522663  | gradNormStd                    2213.715043555823
2020-10-17 22:31:40.522674  | gradNormMedian                 3733.0543212890625
2020-10-17 22:31:40.522685  | gradNormMin                    1431.388671875
2020-10-17 22:31:40.522696  | gradNormMax                    11956.53125
2020-10-17 22:31:40.522706  | entropyAverage                 0.5027564409188926
2020-10-17 22:31:40.522717  | entropyStd                     0.06452857185675011
2020-10-17 22:31:40.522728  | entropyMedian                  0.5021547079086304
2020-10-17 22:31:40.522739  | entropyMin                     0.3012986481189728
2020-10-17 22:31:40.522749  | entropyMax                     0.6761961579322815
2020-10-17 22:31:40.522760  | perplexityAverage              1.9134804144501687
2020-10-17 22:31:40.522770  | perplexityStd                  0.1506374205485909
2020-10-17 22:31:40.522781  | perplexityMedian               1.9065462946891785
2020-10-17 22:31:40.522792  | perplexityMin                  1.5045803785324097
2020-10-17 22:31:40.522803  | perplexityMax                  2.3198659420013428
2020-10-17 22:31:40.522814  | -----------------------------  ---------------------
2020-10-17 22:31:40.522981  | run_10_17_22_29_square_10_17_22_29 itr #0 Optimizing over 1 iterations.
2020-10-17 22:33:28.404283  | run_10_17_22_29_square_10_17_22_29 itr #1 saving snapshot...
2020-10-17 22:33:28.406587  | run_10_17_22_29_square_10_17_22_29 itr #1 saved
2020-10-17 22:33:28.421917  | -----------------------------  ---------------------
2020-10-17 22:33:28.421949  | Diagnostics/NewCompletedTrajs  167
2020-10-17 22:33:28.421960  | Diagnostics/StepsInTrajWindow  1165
2020-10-17 22:33:28.421969  | Diagnostics/Iteration          1
2020-10-17 22:33:28.421978  | Diagnostics/CumTime (s)        211.83105397224426
2020-10-17 22:33:28.421986  | Diagnostics/CumSteps           4096
2020-10-17 22:33:28.421994  | Diagnostics/CumCompletedTrajs  337
2020-10-17 22:33:28.422002  | Diagnostics/CumUpdates         640
2020-10-17 22:33:28.422010  | Diagnostics/StepsPerSecond     18.977108294468515
2020-10-17 22:33:28.422019  | Diagnostics/UpdatesPerSecond   2.9651731710107057
2020-10-17 22:33:28.422027  | Diagnostics/ReplayRatio        10.0
2020-10-17 22:33:28.422035  | Diagnostics/CumReplayRatio     10.0
2020-10-17 22:33:28.422043  | LengthAverage                  11.65
2020-10-17 22:33:28.422051  | LengthStd                      4.7378792724171435
2020-10-17 22:33:28.422059  | LengthMedian                   11.0
2020-10-17 22:33:28.422068  | LengthMin                      4
2020-10-17 22:33:28.422076  | LengthMax                      29
2020-10-17 22:33:28.422084  | ReturnAverage                  -18.328119853436945
2020-10-17 22:33:28.422092  | ReturnStd                      13.321845038479582
2020-10-17 22:33:28.422100  | ReturnMedian                   -15.404401302337646
2020-10-17 22:33:28.422108  | ReturnMin                      -54.07355606555939
2020-10-17 22:33:28.422117  | ReturnMax                      -0.06087374687194824
2020-10-17 22:33:28.422125  | NonzeroRewardsAverage          11.65
2020-10-17 22:33:28.422133  | NonzeroRewardsStd              4.7378792724171435
2020-10-17 22:33:28.422141  | NonzeroRewardsMedian           11.0
2020-10-17 22:33:28.422149  | NonzeroRewardsMin              4
2020-10-17 22:33:28.422162  | NonzeroRewardsMax              29
2020-10-17 22:33:28.422171  | DiscountedReturnAverage        -17.297902038136165
2020-10-17 22:33:28.422178  | DiscountedReturnStd            12.046506871033118
2020-10-17 22:33:28.422186  | DiscountedReturnMedian         -14.960229435245193
2020-10-17 22:33:28.422194  | DiscountedReturnMin            -47.287610039687
2020-10-17 22:33:28.422202  | DiscountedReturnMax            -0.1637086986269951
2020-10-17 22:33:28.422210  | SuccessAverage                 0.74
2020-10-17 22:33:28.422218  | SuccessStd                     0.4386342439892262
2020-10-17 22:33:28.422226  | SuccessMedian                  1.0
2020-10-17 22:33:28.422234  | SuccessMin                     False
2020-10-17 22:33:28.422242  | SuccessMax                     True
2020-10-17 22:33:28.422250  | InsertDepthAverage             -0.013109349773071228
2020-10-17 22:33:28.422258  | InsertDepthStd                 0.008859611805261946
2020-10-17 22:33:28.422265  | InsertDepthMedian              -0.0182206006613629
2020-10-17 22:33:28.422273  | InsertDepthMin                 -0.01879556326859841
2020-10-17 22:33:28.422281  | InsertDepthMax                 0.006033924569981114
2020-10-17 22:33:28.422289  | lossAverage                    38.36120726764202
2020-10-17 22:33:28.422297  | lossStd                        9.285654762787749
2020-10-17 22:33:28.422305  | lossMedian                     37.46903419494629
2020-10-17 22:33:28.422312  | lossMin                        14.745356559753418
2020-10-17 22:33:28.422320  | lossMax                        80.82340240478516
2020-10-17 22:33:28.422328  | gradNormAverage                4264.181304931641
2020-10-17 22:33:28.422336  | gradNormStd                    2102.6673271891614
2020-10-17 22:33:28.422344  | gradNormMedian                 3567.3050537109375
2020-10-17 22:33:28.422352  | gradNormMin                    1257.74072265625
2020-10-17 22:33:28.422360  | gradNormMax                    12507.583984375
2020-10-17 22:33:28.422367  | entropyAverage                 0.46969648730009794
2020-10-17 22:33:28.422375  | entropyStd                     0.06105543132442895
2020-10-17 22:33:28.422383  | entropyMedian                  0.46767188608646393
2020-10-17 22:33:28.422391  | entropyMin                     0.3298829197883606
2020-10-17 22:33:28.422399  | entropyMax                     0.6708751916885376
2020-10-17 22:33:28.422407  | perplexityAverage              1.866303203254938
2020-10-17 22:33:28.422415  | perplexityStd                  0.14994791193696402
2020-10-17 22:33:28.422422  | perplexityMedian               1.8495492935180664
2020-10-17 22:33:28.422430  | perplexityMin                  1.529451608657837
2020-10-17 22:33:28.422438  | perplexityMax                  2.2462549209594727
2020-10-17 22:33:28.422446  | -----------------------------  ---------------------
2020-10-17 22:33:28.422519  | run_10_17_22_29_square_10_17_22_29 itr #1 Optimizing over 1 iterations.
2020-10-17 22:35:11.723863  | run_10_17_22_29_square_10_17_22_29 itr #2 saving snapshot...
2020-10-17 22:35:11.726146  | run_10_17_22_29_square_10_17_22_29 itr #2 saved
2020-10-17 22:35:11.740706  | -----------------------------  ---------------------
2020-10-17 22:35:11.740738  | Diagnostics/NewCompletedTrajs  176
2020-10-17 22:35:11.740748  | Diagnostics/StepsInTrajWindow  1130
2020-10-17 22:35:11.740756  | Diagnostics/Iteration          2
2020-10-17 22:35:11.740764  | Diagnostics/CumTime (s)        315.15061473846436
2020-10-17 22:35:11.740771  | Diagnostics/CumSteps           6144
2020-10-17 22:35:11.740780  | Diagnostics/CumCompletedTrajs  513
2020-10-17 22:35:11.740788  | Diagnostics/CumUpdates         960
2020-10-17 22:35:11.740796  | Diagnostics/StepsPerSecond     19.821996772072858
2020-10-17 22:35:11.740804  | Diagnostics/UpdatesPerSecond   3.0971869956363838
2020-10-17 22:35:11.740812  | Diagnostics/ReplayRatio        10.0
2020-10-17 22:35:11.740820  | Diagnostics/CumReplayRatio     10.0
2020-10-17 22:35:11.740829  | LengthAverage                  11.3
2020-10-17 22:35:11.740841  | LengthStd                      5.014977567247933
2020-10-17 22:35:11.740850  | LengthMedian                   10.0
2020-10-17 22:35:11.740858  | LengthMin                      5
2020-10-17 22:35:11.740866  | LengthMax                      34
2020-10-17 22:35:11.740874  | ReturnAverage                  -15.964399742782115
2020-10-17 22:35:11.740882  | ReturnStd                      12.355685484166584
2020-10-17 22:35:11.740890  | ReturnMedian                   -11.79079806804657
2020-10-17 22:35:11.740897  | ReturnMin                      -58.24823260307312
2020-10-17 22:35:11.740905  | ReturnMax                      -1.554490566253662
2020-10-17 22:35:11.740913  | NonzeroRewardsAverage          11.3
2020-10-17 22:35:11.740921  | NonzeroRewardsStd              5.014977567247933
2020-10-17 22:35:11.740929  | NonzeroRewardsMedian           10.0
2020-10-17 22:35:11.740937  | NonzeroRewardsMin              5
2020-10-17 22:35:11.740945  | NonzeroRewardsMax              34
2020-10-17 22:35:11.740953  | DiscountedReturnAverage        -15.119048282655951
2020-10-17 22:35:11.740961  | DiscountedReturnStd            11.09303432423787
2020-10-17 22:35:11.740969  | DiscountedReturnMedian         -11.533239432429017
2020-10-17 22:35:11.740977  | DiscountedReturnMin            -49.225358100595486
2020-10-17 22:35:11.740985  | DiscountedReturnMax            -1.658594727795415
2020-10-17 22:35:11.740993  | SuccessAverage                 0.8
2020-10-17 22:35:11.741000  | SuccessStd                     0.4
2020-10-17 22:35:11.741008  | SuccessMedian                  1.0
2020-10-17 22:35:11.741016  | SuccessMin                     False
2020-10-17 22:35:11.741024  | SuccessMax                     True
2020-10-17 22:35:11.741032  | InsertDepthAverage             -0.014610118058088803
2020-10-17 22:35:11.741040  | InsertDepthStd                 0.0075367819507427955
2020-10-17 22:35:11.741048  | InsertDepthMedian              -0.018256231480918983
2020-10-17 22:35:11.741056  | InsertDepthMin                 -0.018699205734421284
2020-10-17 22:35:11.741064  | InsertDepthMax                 0.003923235013107429
2020-10-17 22:35:11.741072  | lossAverage                    37.52914210855961
2020-10-17 22:35:11.741080  | lossStd                        10.137682480287733
2020-10-17 22:35:11.741088  | lossMedian                     37.23500061035156
2020-10-17 22:35:11.741096  | lossMin                        15.231337547302246
2020-10-17 22:35:11.741104  | lossMax                        72.66275024414062
2020-10-17 22:35:11.741111  | gradNormAverage                4591.578560256958
2020-10-17 22:35:11.741119  | gradNormStd                    2314.9604882800336
2020-10-17 22:35:11.741127  | gradNormMedian                 3992.43017578125
2020-10-17 22:35:11.741135  | gradNormMin                    1114.7530517578125
2020-10-17 22:35:11.741143  | gradNormMax                    15644.4755859375
2020-10-17 22:35:11.741151  | entropyAverage                 0.48291359934955835
2020-10-17 22:35:11.741159  | entropyStd                     0.06319108057416434
2020-10-17 22:35:11.741167  | entropyMedian                  0.4814065098762512
2020-10-17 22:35:11.741174  | entropyMin                     0.3067110776901245
2020-10-17 22:35:11.741182  | entropyMax                     0.6502882242202759
2020-10-17 22:35:11.741190  | perplexityAverage              1.8863307021558284
2020-10-17 22:35:11.741198  | perplexityStd                  0.14616451843571357
2020-10-17 22:35:11.741206  | perplexityMedian               1.8852501511573792
2020-10-17 22:35:11.741214  | perplexityMin                  1.5088090896606445
2020-10-17 22:35:11.741222  | perplexityMax                  2.2938668727874756
2020-10-17 22:35:11.741230  | -----------------------------  ---------------------
2020-10-17 22:35:11.741302  | run_10_17_22_29_square_10_17_22_29 itr #2 Optimizing over 1 iterations.
2020-10-17 22:36:59.981689  | run_10_17_22_29_square_10_17_22_29 itr #3 saving snapshot...
2020-10-17 22:36:59.983990  | run_10_17_22_29_square_10_17_22_29 itr #3 saved
2020-10-17 22:36:59.999096  | -----------------------------  ---------------------
2020-10-17 22:36:59.999128  | Diagnostics/NewCompletedTrajs  180
2020-10-17 22:36:59.999139  | Diagnostics/StepsInTrajWindow  1066
2020-10-17 22:36:59.999148  | Diagnostics/Iteration          3
2020-10-17 22:36:59.999157  | Diagnostics/CumTime (s)        423.4084622859955
2020-10-17 22:36:59.999165  | Diagnostics/CumSteps           8192
2020-10-17 22:36:59.999173  | Diagnostics/CumCompletedTrajs  693
2020-10-17 22:36:59.999182  | Diagnostics/CumUpdates         1280
2020-10-17 22:36:59.999190  | Diagnostics/StepsPerSecond     18.917797151849115
2020-10-17 22:36:59.999198  | Diagnostics/UpdatesPerSecond   2.955905804976424
2020-10-17 22:36:59.999206  | Diagnostics/ReplayRatio        10.0
2020-10-17 22:36:59.999215  | Diagnostics/CumReplayRatio     10.0
2020-10-17 22:36:59.999223  | LengthAverage                  10.66
2020-10-17 22:36:59.999231  | LengthStd                      4.0452935616590295
2020-10-17 22:36:59.999240  | LengthMedian                   9.0
2020-10-17 22:36:59.999248  | LengthMin                      5
2020-10-17 22:36:59.999256  | LengthMax                      26
2020-10-17 22:36:59.999264  | ReturnAverage                  -14.52696370780468
2020-10-17 22:36:59.999273  | ReturnStd                      10.943613344437539
2020-10-17 22:36:59.999281  | ReturnMedian                   -11.02385801076889
2020-10-17 22:36:59.999289  | ReturnMin                      -47.46528136730194
2020-10-17 22:36:59.999297  | ReturnMax                      -1.9054207801818848
2020-10-17 22:36:59.999306  | NonzeroRewardsAverage          10.66
2020-10-17 22:36:59.999314  | NonzeroRewardsStd              4.0452935616590295
2020-10-17 22:36:59.999322  | NonzeroRewardsMedian           9.0
2020-10-17 22:36:59.999330  | NonzeroRewardsMin              5
2020-10-17 22:36:59.999338  | NonzeroRewardsMax              26
2020-10-17 22:36:59.999347  | DiscountedReturnAverage        -13.87642457077837
2020-10-17 22:36:59.999355  | DiscountedReturnStd            9.901426369604048
2020-10-17 22:36:59.999363  | DiscountedReturnMedian         -10.807560178794459
2020-10-17 22:36:59.999371  | DiscountedReturnMin            -41.90889093333786
2020-10-17 22:36:59.999380  | DiscountedReturnMax            -2.0016164722759866
2020-10-17 22:36:59.999388  | SuccessAverage                 0.85
2020-10-17 22:36:59.999396  | SuccessStd                     0.3570714214271425
2020-10-17 22:36:59.999404  | SuccessMedian                  1.0
2020-10-17 22:36:59.999413  | SuccessMin                     False
2020-10-17 22:36:59.999421  | SuccessMax                     True
2020-10-17 22:36:59.999429  | InsertDepthAverage             -0.015588957991631378
2020-10-17 22:36:59.999437  | InsertDepthStd                 0.006841710141401903
2020-10-17 22:36:59.999445  | InsertDepthMedian              -0.018294609427582077
2020-10-17 22:36:59.999454  | InsertDepthMin                 -0.0198074437431158
2020-10-17 22:36:59.999462  | InsertDepthMax                 0.003203861106732875
2020-10-17 22:36:59.999470  | lossAverage                    48.77796362042427
2020-10-17 22:36:59.999478  | lossStd                        17.99571554134716
2020-10-17 22:36:59.999487  | lossMedian                     45.096900939941406
2020-10-17 22:36:59.999495  | lossMin                        18.88498878479004
2020-10-17 22:36:59.999503  | lossMax                        119.89913940429688
2020-10-17 22:36:59.999511  | gradNormAverage                4256.8745677948
2020-10-17 22:36:59.999520  | gradNormStd                    1820.2545946941216
2020-10-17 22:36:59.999528  | gradNormMedian                 3920.403076171875
2020-10-17 22:36:59.999536  | gradNormMin                    1419.5853271484375
2020-10-17 22:36:59.999544  | gradNormMax                    13303.5048828125
2020-10-17 22:36:59.999552  | entropyAverage                 0.4709871277213097
2020-10-17 22:36:59.999561  | entropyStd                     0.0661018744642645
2020-10-17 22:36:59.999569  | entropyMedian                  0.4670279920101166
2020-10-17 22:36:59.999582  | entropyMin                     0.3137306571006775
2020-10-17 22:36:59.999590  | entropyMax                     0.6715998649597168
2020-10-17 22:36:59.999599  | perplexityAverage              1.8678744979202748
2020-10-17 22:36:59.999607  | perplexityStd                  0.15602193319223087
2020-10-17 22:36:59.999616  | perplexityMedian               1.850393533706665
2020-10-17 22:36:59.999624  | perplexityMin                  1.510417103767395
2020-10-17 22:36:59.999632  | perplexityMax                  2.382920026779175
2020-10-17 22:36:59.999640  | -----------------------------  ---------------------
2020-10-17 22:36:59.999715  | run_10_17_22_29_square_10_17_22_29 itr #3 Optimizing over 1 iterations.
2020-10-17 22:38:46.761526  | run_10_17_22_29_square_10_17_22_29 itr #4 saving snapshot...
2020-10-17 22:38:46.764799  | run_10_17_22_29_square_10_17_22_29 itr #4 saved
2020-10-17 22:38:46.785539  | -----------------------------  ---------------------
2020-10-17 22:38:46.785573  | Diagnostics/NewCompletedTrajs  178
2020-10-17 22:38:46.785586  | Diagnostics/StepsInTrajWindow  1188
2020-10-17 22:38:46.785597  | Diagnostics/Iteration          4
2020-10-17 22:38:46.785608  | Diagnostics/CumTime (s)        530.189297914505
2020-10-17 22:38:46.785618  | Diagnostics/CumSteps           10240
2020-10-17 22:38:46.785628  | Diagnostics/CumCompletedTrajs  871
2020-10-17 22:38:46.785638  | Diagnostics/CumUpdates         1600
2020-10-17 22:38:46.785648  | Diagnostics/StepsPerSecond     19.17947155915684
2020-10-17 22:38:46.785658  | Diagnostics/UpdatesPerSecond   2.9967924311182568
2020-10-17 22:38:46.785668  | Diagnostics/ReplayRatio        10.0
2020-10-17 22:38:46.785677  | Diagnostics/CumReplayRatio     10.0
2020-10-17 22:38:46.785687  | LengthAverage                  11.88
2020-10-17 22:38:46.785697  | LengthStd                      4.152782199923323
2020-10-17 22:38:46.785707  | LengthMedian                   11.0
2020-10-17 22:38:46.785717  | LengthMin                      4
2020-10-17 22:38:46.785727  | LengthMax                      22
2020-10-17 22:38:46.785736  | ReturnAverage                  -17.34166738897562
2020-10-17 22:38:46.785746  | ReturnStd                      11.768567044171009
2020-10-17 22:38:46.785756  | ReturnMedian                   -13.537606954574585
2020-10-17 22:38:46.785766  | ReturnMin                      -48.54301154613495
2020-10-17 22:38:46.785775  | ReturnMax                      -0.5550801753997803
2020-10-17 22:38:46.785785  | NonzeroRewardsAverage          11.88
2020-10-17 22:38:46.785795  | NonzeroRewardsStd              4.152782199923323
2020-10-17 22:38:46.785805  | NonzeroRewardsMedian           11.0
2020-10-17 22:38:46.785814  | NonzeroRewardsMin              4
2020-10-17 22:38:46.785824  | NonzeroRewardsMax              22
2020-10-17 22:38:46.785834  | DiscountedReturnAverage        -16.4025573823299
2020-10-17 22:38:46.785843  | DiscountedReturnStd            10.591768907956832
2020-10-17 22:38:46.785853  | DiscountedReturnMedian         -13.154969443023912
2020-10-17 22:38:46.785863  | DiscountedReturnMin            -44.13499177380282
2020-10-17 22:38:46.785873  | DiscountedReturnMax            -0.6470000450878155
2020-10-17 22:38:46.785882  | SuccessAverage                 0.77
2020-10-17 22:38:46.785892  | SuccessStd                     0.4208325082500163
2020-10-17 22:38:46.785902  | SuccessMedian                  1.0
2020-10-17 22:38:46.785911  | SuccessMin                     False
2020-10-17 22:38:46.785921  | SuccessMax                     True
2020-10-17 22:38:46.785931  | InsertDepthAverage             -0.01432258847861389
2020-10-17 22:38:46.785941  | InsertDepthStd                 0.007750651273243107
2020-10-17 22:38:46.785950  | InsertDepthMedian              -0.018164697899253693
2020-10-17 22:38:46.785960  | InsertDepthMin                 -0.018754680966644052
2020-10-17 22:38:46.785970  | InsertDepthMax                 0.005787734703473407
2020-10-17 22:38:46.785979  | lossAverage                    32.36735014617443
2020-10-17 22:38:46.785995  | lossStd                        7.999369937575957
2020-10-17 22:38:46.786005  | lossMedian                     31.1312837600708
2020-10-17 22:38:46.786014  | lossMin                        14.618708610534668
2020-10-17 22:38:46.786024  | lossMax                        61.9416389465332
2020-10-17 22:38:46.786033  | gradNormAverage                3807.3452560424803
2020-10-17 22:38:46.786043  | gradNormStd                    1824.0665692612752
2020-10-17 22:38:46.786052  | gradNormMedian                 3171.28076171875
2020-10-17 22:38:46.786062  | gradNormMin                    1127.2841796875
2020-10-17 22:38:46.786071  | gradNormMax                    11860.068359375
2020-10-17 22:38:46.786080  | entropyAverage                 0.45670224744826554
2020-10-17 22:38:46.786090  | entropyStd                     0.06044120950973149
2020-10-17 22:38:46.786099  | entropyMedian                  0.45586076378822327
2020-10-17 22:38:46.786109  | entropyMin                     0.28978562355041504
2020-10-17 22:38:46.786118  | entropyMax                     0.6350630521774292
2020-10-17 22:38:46.786127  | perplexityAverage              1.8311211373656988
2020-10-17 22:38:46.786137  | perplexityStd                  0.14395122869887794
2020-10-17 22:38:46.786146  | perplexityMedian               1.8254210948944092
2020-10-17 22:38:46.786156  | perplexityMin                  1.4341686964035034
2020-10-17 22:38:46.786165  | perplexityMax                  2.3400535583496094
2020-10-17 22:38:46.786175  | -----------------------------  ---------------------
2020-10-17 22:38:46.786251  | run_10_17_22_29_square_10_17_22_29 itr #4 Optimizing over 1 iterations.
2020-10-17 22:40:32.744848  | run_10_17_22_29_square_10_17_22_29 itr #5 saving snapshot...
2020-10-17 22:40:32.747158  | run_10_17_22_29_square_10_17_22_29 itr #5 saved
2020-10-17 22:40:32.764014  | -----------------------------  ---------------------
2020-10-17 22:40:32.764052  | Diagnostics/NewCompletedTrajs  164
2020-10-17 22:40:32.764066  | Diagnostics/StepsInTrajWindow  1171
2020-10-17 22:40:32.764077  | Diagnostics/Iteration          5
2020-10-17 22:40:32.764088  | Diagnostics/CumTime (s)        636.1716334819794
2020-10-17 22:40:32.764099  | Diagnostics/CumSteps           12288
2020-10-17 22:40:32.764110  | Diagnostics/CumCompletedTrajs  1035
2020-10-17 22:40:32.764120  | Diagnostics/CumUpdates         1920
2020-10-17 22:40:32.764130  | Diagnostics/StepsPerSecond     19.3239749721889
2020-10-17 22:40:32.764141  | Diagnostics/UpdatesPerSecond   3.0193710894045154
2020-10-17 22:40:32.764151  | Diagnostics/ReplayRatio        10.0
2020-10-17 22:40:32.764161  | Diagnostics/CumReplayRatio     10.0
2020-10-17 22:40:32.764172  | LengthAverage                  11.71
2020-10-17 22:40:32.764182  | LengthStd                      4.79227503384353
2020-10-17 22:40:32.764192  | LengthMedian                   10.5
2020-10-17 22:40:32.764202  | LengthMin                      4
2020-10-17 22:40:32.764212  | LengthMax                      36
2020-10-17 22:40:32.764223  | ReturnAverage                  -16.964687274992468
2020-10-17 22:40:32.764233  | ReturnStd                      12.100358011713867
2020-10-17 22:40:32.764243  | ReturnMedian                   -12.116679906845093
2020-10-17 22:40:32.764253  | ReturnMin                      -63.17403817176819
2020-10-17 22:40:32.764263  | ReturnMax                      -0.09613418579101562
2020-10-17 22:40:32.764273  | NonzeroRewardsAverage          11.71
2020-10-17 22:40:32.764284  | NonzeroRewardsStd              4.79227503384353
2020-10-17 22:40:32.764294  | NonzeroRewardsMedian           10.5
2020-10-17 22:40:32.764304  | NonzeroRewardsMin              4
2020-10-17 22:40:32.764314  | NonzeroRewardsMax              36
2020-10-17 22:40:32.764324  | DiscountedReturnAverage        -16.022330221545122
2020-10-17 22:40:32.764334  | DiscountedReturnStd            10.775138135734183
2020-10-17 22:40:32.764344  | DiscountedReturnMedian         -11.876013299139593
2020-10-17 22:40:32.764354  | DiscountedReturnMin            -53.23332936067502
2020-10-17 22:40:32.764370  | DiscountedReturnMax            -0.19817660341262844
2020-10-17 22:40:32.764381  | SuccessAverage                 0.74
2020-10-17 22:40:32.764391  | SuccessStd                     0.4386342439892261
2020-10-17 22:40:32.764401  | SuccessMedian                  1.0
2020-10-17 22:40:32.764410  | SuccessMin                     False
2020-10-17 22:40:32.764420  | SuccessMax                     True
2020-10-17 22:40:32.764430  | InsertDepthAverage             -0.013407480153224677
2020-10-17 22:40:32.764440  | InsertDepthStd                 0.008537616800289666
2020-10-17 22:40:32.764450  | InsertDepthMedian              -0.01821871936374435
2020-10-17 22:40:32.764459  | InsertDepthMin                 -0.018904326429793616
2020-10-17 22:40:32.764469  | InsertDepthMax                 0.007891391705343476
2020-10-17 22:40:32.764479  | lossAverage                    71.48390204906464
2020-10-17 22:40:32.764489  | lossStd                        34.92399684730041
2020-10-17 22:40:32.764499  | lossMedian                     60.51637077331543
2020-10-17 22:40:32.764508  | lossMin                        24.962053298950195
2020-10-17 22:40:32.764518  | lossMax                        216.37879943847656
2020-10-17 22:40:32.764528  | gradNormAverage                6716.643367385865
2020-10-17 22:40:32.764538  | gradNormStd                    4126.215754703688
2020-10-17 22:40:32.764548  | gradNormMedian                 5487.79638671875
2020-10-17 22:40:32.764558  | gradNormMin                    1255.4227294921875
2020-10-17 22:40:32.764567  | gradNormMax                    22784.693359375
2020-10-17 22:40:32.764577  | entropyAverage                 0.47697378797456624
2020-10-17 22:40:32.764587  | entropyStd                     0.06529019627133155
2020-10-17 22:40:32.764597  | entropyMedian                  0.4743023216724396
2020-10-17 22:40:32.764607  | entropyMin                     0.3151942193508148
2020-10-17 22:40:32.764617  | entropyMax                     0.6402192711830139
2020-10-17 22:40:32.764627  | perplexityAverage              1.8895867709070444
2020-10-17 22:40:32.764636  | perplexityStd                  0.15618215719773854
2020-10-17 22:40:32.764646  | perplexityMedian               1.8798850178718567
2020-10-17 22:40:32.764656  | perplexityMin                  1.5143048763275146
2020-10-17 22:40:32.764666  | perplexityMax                  2.373220920562744
2020-10-17 22:40:32.764676  | -----------------------------  ---------------------
2020-10-17 22:40:32.764754  | run_10_17_22_29_square_10_17_22_29 itr #5 Optimizing over 1 iterations.
2020-10-17 22:42:20.291036  | run_10_17_22_29_square_10_17_22_29 itr #6 saving snapshot...
2020-10-17 22:42:20.293717  | run_10_17_22_29_square_10_17_22_29 itr #6 saved
2020-10-17 22:42:20.310930  | -----------------------------  ---------------------
2020-10-17 22:42:20.310966  | Diagnostics/NewCompletedTrajs  166
2020-10-17 22:42:20.310978  | Diagnostics/StepsInTrajWindow  1164
2020-10-17 22:42:20.310989  | Diagnostics/Iteration          6
2020-10-17 22:42:20.310999  | Diagnostics/CumTime (s)        743.7181940078735
2020-10-17 22:42:20.311009  | Diagnostics/CumSteps           14336
2020-10-17 22:42:20.311018  | Diagnostics/CumCompletedTrajs  1201
2020-10-17 22:42:20.311028  | Diagnostics/CumUpdates         2240
2020-10-17 22:42:20.311037  | Diagnostics/StepsPerSecond     19.04291490109439
2020-10-17 22:42:20.311046  | Diagnostics/UpdatesPerSecond   2.9754554532959987
2020-10-17 22:42:20.311056  | Diagnostics/ReplayRatio        10.0
2020-10-17 22:42:20.311065  | Diagnostics/CumReplayRatio     10.0
2020-10-17 22:42:20.311075  | LengthAverage                  11.64
2020-10-17 22:42:20.311084  | LengthStd                      6.122940470068283
2020-10-17 22:42:20.311094  | LengthMedian                   10.0
2020-10-17 22:42:20.311103  | LengthMin                      4
2020-10-17 22:42:20.311113  | LengthMax                      43
2020-10-17 22:42:20.311122  | ReturnAverage                  -16.688150656595827
2020-10-17 22:42:20.311132  | ReturnStd                      13.93143212124677
2020-10-17 22:42:20.311147  | ReturnMedian                   -11.895362079143524
2020-10-17 22:42:20.311157  | ReturnMin                      -72.39949584007263
2020-10-17 22:42:20.311166  | ReturnMax                      -0.18078339099884033
2020-10-17 22:42:20.311175  | NonzeroRewardsAverage          11.64
2020-10-17 22:42:20.311185  | NonzeroRewardsStd              6.122940470068283
2020-10-17 22:42:20.311194  | NonzeroRewardsMedian           10.0
2020-10-17 22:42:20.311203  | NonzeroRewardsMin              4
2020-10-17 22:42:20.311213  | NonzeroRewardsMax              43
2020-10-17 22:42:20.311222  | DiscountedReturnAverage        -15.688997261511899
2020-10-17 22:42:20.311231  | DiscountedReturnStd            12.305870719405961
2020-10-17 22:42:20.311240  | DiscountedReturnMedian         -11.67091945728621
2020-10-17 22:42:20.311249  | DiscountedReturnMin            -58.85603118730136
2020-10-17 22:42:20.311259  | DiscountedReturnMax            -0.28215831067228336
2020-10-17 22:42:20.311268  | SuccessAverage                 0.8
2020-10-17 22:42:20.311277  | SuccessStd                     0.4
2020-10-17 22:42:20.311286  | SuccessMedian                  1.0
2020-10-17 22:42:20.311295  | SuccessMin                     False
2020-10-17 22:42:20.311305  | SuccessMax                     True
2020-10-17 22:42:20.311314  | InsertDepthAverage             -0.014868124844387884
2020-10-17 22:42:20.311323  | InsertDepthStd                 0.007438984327458597
2020-10-17 22:42:20.311332  | InsertDepthMedian              -0.018254857880529538
2020-10-17 22:42:20.311342  | InsertDepthMin                 -0.01977835435270897
2020-10-17 22:42:20.311351  | InsertDepthMax                 0.0036322318928968533
2020-10-17 22:42:20.311360  | lossAverage                    106.76988104581832
2020-10-17 22:42:20.311370  | lossStd                        50.453863345000464
2020-10-17 22:42:20.311379  | lossMedian                     98.7204360961914
2020-10-17 22:42:20.311388  | lossMin                        24.806873321533203
2020-10-17 22:42:20.311397  | lossMax                        337.563720703125
2020-10-17 22:42:20.311406  | gradNormAverage                5856.246717834472
2020-10-17 22:42:20.311416  | gradNormStd                    3153.23138841631
2020-10-17 22:42:20.311425  | gradNormMedian                 5021.96240234375
2020-10-17 22:42:20.311434  | gradNormMin                    1762.40283203125
2020-10-17 22:42:20.311443  | gradNormMax                    20345.11328125
2020-10-17 22:42:20.311452  | entropyAverage                 0.5262694799341261
2020-10-17 22:42:20.311461  | entropyStd                     0.0711642727437181
2020-10-17 22:42:20.311470  | entropyMedian                  0.5247198045253754
2020-10-17 22:42:20.311480  | entropyMin                     0.2975635528564453
2020-10-17 22:42:20.311489  | entropyMax                     0.750546395778656
2020-10-17 22:42:20.311498  | perplexityAverage              2.011970594152808
2020-10-17 22:42:20.311507  | perplexityStd                  0.18889747129197781
2020-10-17 22:42:20.311516  | perplexityMedian               2.0083303451538086
2020-10-17 22:42:20.311525  | perplexityMin                  1.5105379819869995
2020-10-17 22:42:20.311534  | perplexityMax                  2.6379952430725098
2020-10-17 22:42:20.311543  | -----------------------------  ---------------------
2020-10-17 22:42:20.311625  | run_10_17_22_29_square_10_17_22_29 itr #6 Optimizing over 1 iterations.
2020-10-17 22:44:07.878775  | run_10_17_22_29_square_10_17_22_29 itr #7 saving snapshot...
2020-10-17 22:44:07.881490  | run_10_17_22_29_square_10_17_22_29 itr #7 saved
2020-10-17 22:44:07.898609  | -----------------------------  ---------------------
2020-10-17 22:44:07.898648  | Diagnostics/NewCompletedTrajs  169
2020-10-17 22:44:07.898663  | Diagnostics/StepsInTrajWindow  1162
2020-10-17 22:44:07.898676  | Diagnostics/Iteration          7
2020-10-17 22:44:07.898688  | Diagnostics/CumTime (s)        851.305971622467
2020-10-17 22:44:07.898700  | Diagnostics/CumSteps           16384
2020-10-17 22:44:07.898718  | Diagnostics/CumCompletedTrajs  1370
2020-10-17 22:44:07.898729  | Diagnostics/CumUpdates         2560
2020-10-17 22:44:07.898740  | Diagnostics/StepsPerSecond     19.035619523032175
2020-10-17 22:44:07.898751  | Diagnostics/UpdatesPerSecond   2.974315550473777
2020-10-17 22:44:07.898762  | Diagnostics/ReplayRatio        10.0
2020-10-17 22:44:07.898772  | Diagnostics/CumReplayRatio     10.0
2020-10-17 22:44:07.898783  | LengthAverage                  11.62
2020-10-17 22:44:07.898793  | LengthStd                      5.0015597567159
2020-10-17 22:44:07.898804  | LengthMedian                   10.5
2020-10-17 22:44:07.898815  | LengthMin                      4
2020-10-17 22:44:07.898826  | LengthMax                      34
2020-10-17 22:44:07.898841  | ReturnAverage                  -16.592436921298503
2020-10-17 22:44:07.898856  | ReturnStd                      11.868584564711199
2020-10-17 22:44:07.898866  | ReturnMedian                   -13.366366922855377
2020-10-17 22:44:07.898877  | ReturnMin                      -50.183627128601074
2020-10-17 22:44:07.898888  | ReturnMax                      -0.2638891935348511
2020-10-17 22:44:07.898899  | NonzeroRewardsAverage          11.62
2020-10-17 22:44:07.898909  | NonzeroRewardsStd              5.0015597567159
2020-10-17 22:44:07.898920  | NonzeroRewardsMedian           10.5
2020-10-17 22:44:07.898931  | NonzeroRewardsMin              4
2020-10-17 22:44:07.898942  | NonzeroRewardsMax              34
2020-10-17 22:44:07.898953  | DiscountedReturnAverage        -15.721259711640164
2020-10-17 22:44:07.898963  | DiscountedReturnStd            10.66106738360863
2020-10-17 22:44:07.898974  | DiscountedReturnMedian         -13.098645609564109
2020-10-17 22:44:07.898985  | DiscountedReturnMin            -44.309073226851496
2020-10-17 22:44:07.898996  | DiscountedReturnMax            -0.3644282186574941
2020-10-17 22:44:07.899007  | SuccessAverage                 0.82
2020-10-17 22:44:07.899017  | SuccessStd                     0.3841874542459709
2020-10-17 22:44:07.899028  | SuccessMedian                  1.0
2020-10-17 22:44:07.899039  | SuccessMin                     False
2020-10-17 22:44:07.899050  | SuccessMax                     True
2020-10-17 22:44:07.899060  | InsertDepthAverage             -0.014845162101736163
2020-10-17 22:44:07.899071  | InsertDepthStd                 0.007456158107411703
2020-10-17 22:44:07.899082  | InsertDepthMedian              -0.018214554714976017
2020-10-17 22:44:07.899093  | InsertDepthMin                 -0.019172086886380002
2020-10-17 22:44:07.899104  | InsertDepthMax                 0.0025449024874571458
2020-10-17 22:44:07.899114  | lossAverage                    41.97424873709679
2020-10-17 22:44:07.899125  | lossStd                        18.91620861492705
2020-10-17 22:44:07.899135  | lossMedian                     37.44289588928223
2020-10-17 22:44:07.899146  | lossMin                        14.805002212524414
2020-10-17 22:44:07.899157  | lossMax                        150.95916748046875
