2020-10-17 07:19:10.529023  | run_10_17_07_19_square_10_17_07_19 Runner  master CPU affinity: [0, 1, 2, 3, 4, 5, 6, 7, 8, 9, 10, 11, 12, 13, 14, 15].
2020-10-17 07:19:10.529065  | run_10_17_07_19_square_10_17_07_19 Runner  master Torch threads: 8.
2020-10-17 07:19:12.193376  | run_10_17_07_19_square_10_17_07_19 Sampler rank 0 initialized, CPU affinity [4], Torch threads 1, Seed 19
2020-10-17 07:19:12.220832  | run_10_17_07_19_square_10_17_07_19 Sampler rank 1 initialized, CPU affinity [5], Torch threads 1, Seed 20
2020-10-17 07:19:12.226767  | run_10_17_07_19_square_10_17_07_19 Sampler rank 2 initialized, CPU affinity [6], Torch threads 1, Seed 21
2020-10-17 07:19:12.246626  | run_10_17_07_19_square_10_17_07_19 Sampler rank 3 initialized, CPU affinity [7], Torch threads 1, Seed 22
2020-10-17 07:19:15.997612  | run_10_17_07_19_square_10_17_07_19 Sampler decorrelating envs, max steps: 10
2020-10-17 07:19:19.531655  | run_10_17_07_19_square_10_17_07_19 Running 488 iterations of minibatch RL.
2020-10-17 07:19:21.039032  | run_10_17_07_19_square_10_17_07_19 Initialized agent model on device: cuda:1.
2020-10-17 07:19:21.039486  | run_10_17_07_19_square_10_17_07_19 Optimizing over 1 iterations.
2020-10-17 07:21:31.061717  | run_10_17_07_19_square_10_17_07_19 itr #0 saving snapshot...
2020-10-17 07:21:31.064300  | run_10_17_07_19_square_10_17_07_19 itr #0 saved
2020-10-17 07:21:31.082476  | -----------------------------  ---------------------
2020-10-17 07:21:31.082516  | Diagnostics/NewCompletedTrajs  212
2020-10-17 07:21:31.082532  | Diagnostics/StepsInTrajWindow  960
2020-10-17 07:21:31.082545  | Diagnostics/Iteration          0
2020-10-17 07:21:31.082557  | Diagnostics/CumTime (s)        130.01114082336426
2020-10-17 07:21:31.082569  | Diagnostics/CumSteps           2048
2020-10-17 07:21:31.082580  | Diagnostics/CumCompletedTrajs  212
2020-10-17 07:21:31.082591  | Diagnostics/CumUpdates         320
2020-10-17 07:21:31.082603  | Diagnostics/StepsPerSecond     nan
2020-10-17 07:21:31.082614  | Diagnostics/UpdatesPerSecond   nan
2020-10-17 07:21:31.082625  | Diagnostics/ReplayRatio        10.0
2020-10-17 07:21:31.082636  | Diagnostics/CumReplayRatio     10.0
2020-10-17 07:21:31.082647  | LengthAverage                  9.6
2020-10-17 07:21:31.082658  | LengthStd                      4.294182110716778
2020-10-17 07:21:31.082669  | LengthMedian                   8.0
2020-10-17 07:21:31.082680  | LengthMin                      4
2020-10-17 07:21:31.082692  | LengthMax                      25
2020-10-17 07:21:31.082703  | ReturnAverage                  -15.80067547634244
2020-10-17 07:21:31.082714  | ReturnStd                      13.087936739484013
2020-10-17 07:21:31.082725  | ReturnMedian                   -9.717868983745575
2020-10-17 07:21:31.082736  | ReturnMin                      -48.30518615245819
2020-10-17 07:21:31.082747  | ReturnMax                      -0.23172926902770996
2020-10-17 07:21:31.082759  | NonzeroRewardsAverage          9.6
2020-10-17 07:21:31.082770  | NonzeroRewardsStd              4.294182110716778
2020-10-17 07:21:31.082781  | NonzeroRewardsMedian           8.0
2020-10-17 07:21:31.082796  | NonzeroRewardsMin              4
2020-10-17 07:21:31.082807  | NonzeroRewardsMax              25
2020-10-17 07:21:31.082819  | DiscountedReturnAverage        -15.046596195576967
2020-10-17 07:21:31.082830  | DiscountedReturnStd            12.02525002797907
2020-10-17 07:21:31.082847  | DiscountedReturnMedian         -9.607086245363947
2020-10-17 07:21:31.082858  | DiscountedReturnMin            -43.61583010560611
2020-10-17 07:21:31.082872  | DiscountedReturnMax            -0.33286137220192025
2020-10-17 07:21:31.082882  | SuccessAverage                 0.76
2020-10-17 07:21:31.082892  | SuccessStd                     0.4270831300812525
2020-10-17 07:21:31.082902  | SuccessMedian                  1.0
2020-10-17 07:21:31.082912  | SuccessMin                     False
2020-10-17 07:21:31.082922  | SuccessMax                     True
2020-10-17 07:21:31.082932  | InsertDepthAverage             -0.014266128291700415
2020-10-17 07:21:31.082942  | InsertDepthStd                 0.007619468776311684
2020-10-17 07:21:31.082958  | InsertDepthMedian              -0.018187614937038868
2020-10-17 07:21:31.082968  | InsertDepthMin                 -0.01879463932698991
2020-10-17 07:21:31.082978  | InsertDepthMax                 0.005730046957135859
2020-10-17 07:21:31.082988  | lossAverage                    43.89797011613846
2020-10-17 07:21:31.082997  | lossStd                        8.458927057262297
2020-10-17 07:21:31.083007  | lossMedian                     43.44503211975098
2020-10-17 07:21:31.083017  | lossMin                        20.909780502319336
2020-10-17 07:21:31.083026  | lossMax                        66.20018768310547
2020-10-17 07:21:31.083036  | gradNormAverage                5046.641062545777
2020-10-17 07:21:31.083046  | gradNormStd                    2587.686012343591
2020-10-17 07:21:31.083056  | gradNormMedian                 4394.40234375
2020-10-17 07:21:31.083065  | gradNormMin                    1447.433837890625
2020-10-17 07:21:31.083077  | gradNormMax                    17825.78125
2020-10-17 07:21:31.083086  | entropyAverage                 0.7006868050433696
2020-10-17 07:21:31.083096  | entropyStd                     0.0990564632958873
2020-10-17 07:21:31.083106  | entropyMedian                  0.6975353062152863
2020-10-17 07:21:31.083115  | entropyMin                     0.4301541745662689
2020-10-17 07:21:31.083125  | entropyMax                     0.9709459543228149
2020-10-17 07:21:31.083135  | perplexityAverage              2.431353893876076
2020-10-17 07:21:31.083144  | perplexityStd                  0.2817103926181537
2020-10-17 07:21:31.083154  | perplexityMedian               2.4264068603515625
2020-10-17 07:21:31.083163  | perplexityMin                  1.6799066066741943
2020-10-17 07:21:31.083173  | perplexityMax                  3.3936431407928467
2020-10-17 07:21:31.083183  | -----------------------------  ---------------------
2020-10-17 07:21:31.083330  | run_10_17_07_19_square_10_17_07_19 itr #0 Optimizing over 1 iterations.
2020-10-17 07:23:32.537744  | run_10_17_07_19_square_10_17_07_19 itr #1 saving snapshot...
2020-10-17 07:23:32.540073  | run_10_17_07_19_square_10_17_07_19 itr #1 saved
2020-10-17 07:23:32.557852  | -----------------------------  ---------------------
2020-10-17 07:23:32.557892  | Diagnostics/NewCompletedTrajs  176
2020-10-17 07:23:32.557908  | Diagnostics/StepsInTrajWindow  1095
2020-10-17 07:23:32.557920  | Diagnostics/Iteration          1
2020-10-17 07:23:32.557932  | Diagnostics/CumTime (s)        251.48690009117126
2020-10-17 07:23:32.557944  | Diagnostics/CumSteps           4096
2020-10-17 07:23:32.557955  | Diagnostics/CumCompletedTrajs  388
2020-10-17 07:23:32.557966  | Diagnostics/CumUpdates         640
2020-10-17 07:23:32.557977  | Diagnostics/StepsPerSecond     16.859330720336995
2020-10-17 07:23:32.557989  | Diagnostics/UpdatesPerSecond   2.634270425052655
2020-10-17 07:23:32.558000  | Diagnostics/ReplayRatio        10.0
2020-10-17 07:23:32.558011  | Diagnostics/CumReplayRatio     10.0
2020-10-17 07:23:32.558022  | LengthAverage                  10.95
2020-10-17 07:23:32.558033  | LengthStd                      4.620335485654694
2020-10-17 07:23:32.558044  | LengthMedian                   11.0
2020-10-17 07:23:32.558055  | LengthMin                      4
2020-10-17 07:23:32.558066  | LengthMax                      24
2020-10-17 07:23:32.558077  | ReturnAverage                  -19.434445343315602
2020-10-17 07:23:32.558088  | ReturnStd                      14.502560237421358
2020-10-17 07:23:32.558099  | ReturnMedian                   -16.352400243282318
2020-10-17 07:23:32.558110  | ReturnMin                      -45.99784708023071
2020-10-17 07:23:32.558121  | ReturnMax                      -0.3696632385253906
2020-10-17 07:23:32.558132  | NonzeroRewardsAverage          10.95
2020-10-17 07:23:32.558143  | NonzeroRewardsStd              4.620335485654694
2020-10-17 07:23:32.558155  | NonzeroRewardsMedian           11.0
2020-10-17 07:23:32.558166  | NonzeroRewardsMin              4
2020-10-17 07:23:32.558187  | NonzeroRewardsMax              24
2020-10-17 07:23:32.558199  | DiscountedReturnAverage        -18.334891080555906
2020-10-17 07:23:32.558209  | DiscountedReturnStd            13.259424719629104
2020-10-17 07:23:32.558220  | DiscountedReturnMedian         -15.753381872453515
2020-10-17 07:23:32.558230  | DiscountedReturnMin            -41.643867795412625
2020-10-17 07:23:32.558240  | DiscountedReturnMax            -0.4676978293190013
2020-10-17 07:23:32.558249  | SuccessAverage                 0.66
2020-10-17 07:23:32.558259  | SuccessStd                     0.4737087712930805
2020-10-17 07:23:32.558268  | SuccessMedian                  1.0
2020-10-17 07:23:32.558278  | SuccessMin                     False
2020-10-17 07:23:32.558287  | SuccessMax                     True
2020-10-17 07:23:32.558297  | InsertDepthAverage             -0.012506463386532886
2020-10-17 07:23:32.558306  | InsertDepthStd                 0.008597072984816637
2020-10-17 07:23:32.558315  | InsertDepthMedian              -0.018210849255026557
2020-10-17 07:23:32.558325  | InsertDepthMin                 -0.01894007618997695
2020-10-17 07:23:32.558334  | InsertDepthMax                 0.006918518066251628
2020-10-17 07:23:32.558344  | lossAverage                    51.9901945412159
2020-10-17 07:23:32.558353  | lossStd                        11.243688122220565
2020-10-17 07:23:32.558363  | lossMedian                     50.66359329223633
2020-10-17 07:23:32.558372  | lossMin                        28.18663787841797
2020-10-17 07:23:32.558382  | lossMax                        94.12056732177734
2020-10-17 07:23:32.558391  | gradNormAverage                5483.15510559082
2020-10-17 07:23:32.558401  | gradNormStd                    2822.6780535802227
2020-10-17 07:23:32.558410  | gradNormMedian                 4686.543701171875
2020-10-17 07:23:32.558420  | gradNormMin                    1419.33642578125
2020-10-17 07:23:32.558429  | gradNormMax                    15007.2763671875
2020-10-17 07:23:32.558438  | entropyAverage                 0.8795646406710148
2020-10-17 07:23:32.558449  | entropyStd                     0.08414447942105037
2020-10-17 07:23:32.558459  | entropyMedian                  0.8786780536174774
2020-10-17 07:23:32.558469  | entropyMin                     0.5854800939559937
2020-10-17 07:23:32.558478  | entropyMax                     1.1023584604263306
2020-10-17 07:23:32.558487  | perplexityAverage              3.0024153888225555
2020-10-17 07:23:32.558497  | perplexityStd                  0.30012191572564534
2020-10-17 07:23:32.558506  | perplexityMedian               2.9998648166656494
2020-10-17 07:23:32.558516  | perplexityMin                  2.127039909362793
2020-10-17 07:23:32.558525  | perplexityMax                  3.8470585346221924
2020-10-17 07:23:32.558535  | -----------------------------  ---------------------
2020-10-17 07:23:32.558618  | run_10_17_07_19_square_10_17_07_19 itr #1 Optimizing over 1 iterations.
2020-10-17 07:25:35.975061  | run_10_17_07_19_square_10_17_07_19 itr #2 saving snapshot...
2020-10-17 07:25:35.978701  | run_10_17_07_19_square_10_17_07_19 itr #2 saved
2020-10-17 07:25:36.009775  | -----------------------------  ---------------------
2020-10-17 07:25:36.009815  | Diagnostics/NewCompletedTrajs  187
2020-10-17 07:25:36.009827  | Diagnostics/StepsInTrajWindow  1076
2020-10-17 07:25:36.009836  | Diagnostics/Iteration          2
2020-10-17 07:25:36.009845  | Diagnostics/CumTime (s)        374.92554092407227
2020-10-17 07:25:36.009854  | Diagnostics/CumSteps           6144
2020-10-17 07:25:36.009863  | Diagnostics/CumCompletedTrajs  575
2020-10-17 07:25:36.009872  | Diagnostics/CumUpdates         960
2020-10-17 07:25:36.009880  | Diagnostics/StepsPerSecond     16.591239065669715
2020-10-17 07:25:36.009889  | Diagnostics/UpdatesPerSecond   2.592381104010893
2020-10-17 07:25:36.009897  | Diagnostics/ReplayRatio        10.0
2020-10-17 07:25:36.009906  | Diagnostics/CumReplayRatio     10.0
2020-10-17 07:25:36.009914  | LengthAverage                  10.76
2020-10-17 07:25:36.009928  | LengthStd                      4.32231419496547
2020-10-17 07:25:36.009937  | LengthMedian                   10.5
2020-10-17 07:25:36.009945  | LengthMin                      4
2020-10-17 07:25:36.009954  | LengthMax                      20
2020-10-17 07:25:36.009962  | ReturnAverage                  -19.99726879104972
2020-10-17 07:25:36.009970  | ReturnStd                      14.457926020645466
2020-10-17 07:25:36.009978  | ReturnMedian                   -16.303228080272675
2020-10-17 07:25:36.009986  | ReturnMin                      -49.56549942493439
2020-10-17 07:25:36.009994  | ReturnMax                      -0.07462918758392334
2020-10-17 07:25:36.010002  | NonzeroRewardsAverage          10.76
2020-10-17 07:25:36.010011  | NonzeroRewardsStd              4.32231419496547
2020-10-17 07:25:36.010019  | NonzeroRewardsMedian           10.5
2020-10-17 07:25:36.010027  | NonzeroRewardsMin              4
2020-10-17 07:25:36.010035  | NonzeroRewardsMax              20
2020-10-17 07:25:36.010043  | DiscountedReturnAverage        -18.917514597232994
2020-10-17 07:25:36.010052  | DiscountedReturnStd            13.297381572673102
2020-10-17 07:25:36.010060  | DiscountedReturnMedian         -15.8358110075913
2020-10-17 07:25:36.010068  | DiscountedReturnMin            -45.461954026525575
2020-10-17 07:25:36.010076  | DiscountedReturnMax            -0.1794866796698571
2020-10-17 07:25:36.010084  | SuccessAverage                 0.62
2020-10-17 07:25:36.010092  | SuccessStd                     0.48538644398046393
2020-10-17 07:25:36.010100  | SuccessMedian                  1.0
2020-10-17 07:25:36.010108  | SuccessMin                     False
2020-10-17 07:25:36.010116  | SuccessMax                     True
2020-10-17 07:25:36.010125  | InsertDepthAverage             -0.011808948828185424
2020-10-17 07:25:36.010133  | InsertDepthStd                 0.008944063293498682
2020-10-17 07:25:36.010140  | InsertDepthMedian              -0.018129355796232607
2020-10-17 07:25:36.010149  | InsertDepthMin                 -0.018736619721444886
2020-10-17 07:25:36.010157  | InsertDepthMax                 0.007705669320749536
2020-10-17 07:25:36.010165  | lossAverage                    49.58972093462944
2020-10-17 07:25:36.010173  | lossStd                        8.047645494894779
2020-10-17 07:25:36.010181  | lossMedian                     48.62641143798828
2020-10-17 07:25:36.010189  | lossMin                        24.924245834350586
2020-10-17 07:25:36.010197  | lossMax                        77.52084350585938
2020-10-17 07:25:36.010205  | gradNormAverage                5543.874361801148
2020-10-17 07:25:36.010213  | gradNormStd                    2998.4354073920185
2020-10-17 07:25:36.010221  | gradNormMedian                 4864.669189453125
2020-10-17 07:25:36.010230  | gradNormMin                    1591.33203125
2020-10-17 07:25:36.010238  | gradNormMax                    17525.25390625
2020-10-17 07:25:36.010246  | entropyAverage                 0.8994296507909894
2020-10-17 07:25:36.010254  | entropyStd                     0.09144470346391259
2020-10-17 07:25:36.010262  | entropyMedian                  0.90302574634552
2020-10-17 07:25:36.010270  | entropyMin                     0.6559991240501404
2020-10-17 07:25:36.010279  | entropyMax                     1.2055087089538574
2020-10-17 07:25:36.010287  | perplexityAverage              3.1607738591730596
2020-10-17 07:25:36.010295  | perplexityStd                  0.36336435620123964
2020-10-17 07:25:36.010303  | perplexityMedian               3.1533539295196533
2020-10-17 07:25:36.010311  | perplexityMin                  2.2949044704437256
2020-10-17 07:25:36.010319  | perplexityMax                  4.410547733306885
2020-10-17 07:25:36.010328  | -----------------------------  ---------------------
2020-10-17 07:25:36.010401  | run_10_17_07_19_square_10_17_07_19 itr #2 Optimizing over 1 iterations.
2020-10-17 07:27:38.896906  | run_10_17_07_19_square_10_17_07_19 itr #3 saving snapshot...
2020-10-17 07:27:38.898763  | run_10_17_07_19_square_10_17_07_19 itr #3 saved
2020-10-17 07:27:38.911474  | -----------------------------  ---------------------
2020-10-17 07:27:38.911509  | Diagnostics/NewCompletedTrajs  174
2020-10-17 07:27:38.911521  | Diagnostics/StepsInTrajWindow  1188
2020-10-17 07:27:38.911530  | Diagnostics/Iteration          3
2020-10-17 07:27:38.911540  | Diagnostics/CumTime (s)        497.84558606147766
2020-10-17 07:27:38.911549  | Diagnostics/CumSteps           8192
2020-10-17 07:27:38.911557  | Diagnostics/CumCompletedTrajs  749
2020-10-17 07:27:38.911566  | Diagnostics/CumUpdates         1280
2020-10-17 07:27:38.911574  | Diagnostics/StepsPerSecond     16.661236966766943
2020-10-17 07:27:38.911583  | Diagnostics/UpdatesPerSecond   2.603318276057335
2020-10-17 07:27:38.911591  | Diagnostics/ReplayRatio        10.0
2020-10-17 07:27:38.911600  | Diagnostics/CumReplayRatio     10.0
2020-10-17 07:27:38.911608  | LengthAverage                  11.88
2020-10-17 07:27:38.911617  | LengthStd                      4.833797678844244
2020-10-17 07:27:38.911625  | LengthMedian                   12.0
2020-10-17 07:27:38.911634  | LengthMin                      4
2020-10-17 07:27:38.911642  | LengthMax                      25
2020-10-17 07:27:38.911651  | ReturnAverage                  -22.398278966248036
2020-10-17 07:27:38.911659  | ReturnStd                      14.884589737822326
2020-10-17 07:27:38.911668  | ReturnMedian                   -20.227221846580505
2020-10-17 07:27:38.911676  | ReturnMin                      -50.85439729690552
2020-10-17 07:27:38.911685  | ReturnMax                      -0.2552095651626587
2020-10-17 07:27:38.911693  | NonzeroRewardsAverage          11.88
2020-10-17 07:27:38.911702  | NonzeroRewardsStd              4.833797678844244
2020-10-17 07:27:38.911710  | NonzeroRewardsMedian           12.0
2020-10-17 07:27:38.911719  | NonzeroRewardsMin              4
2020-10-17 07:27:38.911727  | NonzeroRewardsMax              25
2020-10-17 07:27:38.911736  | DiscountedReturnAverage        -21.057146353276593
2020-10-17 07:27:38.911744  | DiscountedReturnStd            13.553204372006384
2020-10-17 07:27:38.911753  | DiscountedReturnMedian         -19.75606028508415
2020-10-17 07:27:38.911761  | DiscountedReturnMin            -45.78949122631902
2020-10-17 07:27:38.911770  | DiscountedReturnMax            -0.3554311809935573
2020-10-17 07:27:38.911778  | SuccessAverage                 0.58
2020-10-17 07:27:38.911787  | SuccessStd                     0.49355850717012273
2020-10-17 07:27:38.911795  | SuccessMedian                  1.0
2020-10-17 07:27:38.911804  | SuccessMin                     False
2020-10-17 07:27:38.911812  | SuccessMax                     True
2020-10-17 07:27:38.911821  | InsertDepthAverage             -0.010521100929405794
2020-10-17 07:27:38.911829  | InsertDepthStd                 0.010107314617077518
2020-10-17 07:27:38.911837  | InsertDepthMedian              -0.01813285086153052
2020-10-17 07:27:38.911846  | InsertDepthMin                 -0.018844895910000353
2020-10-17 07:27:38.911854  | InsertDepthMax                 0.014176424025390849
2020-10-17 07:27:38.911863  | lossAverage                    52.20692449808121
2020-10-17 07:27:38.911871  | lossStd                        10.086600180567396
2020-10-17 07:27:38.911879  | lossMedian                     51.0075626373291
2020-10-17 07:27:38.911887  | lossMin                        27.78656578063965
2020-10-17 07:27:38.911896  | lossMax                        81.58677673339844
2020-10-17 07:27:38.911904  | gradNormAverage                5822.830100631714
2020-10-17 07:27:38.911912  | gradNormStd                    3390.1491648971996
2020-10-17 07:27:38.911921  | gradNormMedian                 5012.38330078125
2020-10-17 07:27:38.911929  | gradNormMin                    1226.857177734375
2020-10-17 07:27:38.911938  | gradNormMax                    18727.234375
2020-10-17 07:27:38.911946  | entropyAverage                 0.9362514324486255
2020-10-17 07:27:38.911954  | entropyStd                     0.08092104096416039
2020-10-17 07:27:38.911963  | entropyMedian                  0.9322457611560822
2020-10-17 07:27:38.911977  | entropyMin                     0.7361566424369812
2020-10-17 07:27:38.911985  | entropyMax                     1.2138739824295044
2020-10-17 07:27:38.911994  | perplexityAverage              3.2637896932661534
2020-10-17 07:27:38.912002  | perplexityStd                  0.34431757409868574
2020-10-17 07:27:38.912010  | perplexityMedian               3.2486562728881836
2020-10-17 07:27:38.912018  | perplexityMin                  2.513049602508545
2020-10-17 07:27:38.912027  | perplexityMax                  4.676165580749512
2020-10-17 07:27:38.912035  | -----------------------------  ---------------------
2020-10-17 07:27:38.912114  | run_10_17_07_19_square_10_17_07_19 itr #3 Optimizing over 1 iterations.
2020-10-17 07:29:38.135282  | run_10_17_07_19_square_10_17_07_19 itr #4 saving snapshot...
2020-10-17 07:29:38.137108  | run_10_17_07_19_square_10_17_07_19 itr #4 saved
2020-10-17 07:29:38.164734  | -----------------------------  ---------------------
2020-10-17 07:29:38.164774  | Diagnostics/NewCompletedTrajs  199
2020-10-17 07:29:38.164785  | Diagnostics/StepsInTrajWindow  1037
2020-10-17 07:29:38.164793  | Diagnostics/Iteration          4
2020-10-17 07:29:38.164801  | Diagnostics/CumTime (s)        617.0839273929596
2020-10-17 07:29:38.164813  | Diagnostics/CumSteps           10240
2020-10-17 07:29:38.164822  | Diagnostics/CumCompletedTrajs  948
2020-10-17 07:29:38.164830  | Diagnostics/CumUpdates         1600
2020-10-17 07:29:38.164839  | Diagnostics/StepsPerSecond     17.175683401252382
2020-10-17 07:29:38.164847  | Diagnostics/UpdatesPerSecond   2.6837005314456848
2020-10-17 07:29:38.164855  | Diagnostics/ReplayRatio        10.0
2020-10-17 07:29:38.164864  | Diagnostics/CumReplayRatio     10.0
2020-10-17 07:29:38.164872  | LengthAverage                  10.37
2020-10-17 07:29:38.164880  | LengthStd                      4.302685208099705
2020-10-17 07:29:38.164889  | LengthMedian                   11.0
2020-10-17 07:29:38.164897  | LengthMin                      2
2020-10-17 07:29:38.164906  | LengthMax                      23
2020-10-17 07:29:38.164914  | ReturnAverage                  -19.52777327314019
2020-10-17 07:29:38.164923  | ReturnStd                      14.751555983417711
2020-10-17 07:29:38.164931  | ReturnMedian                   -15.56093106418848
2020-10-17 07:29:38.164939  | ReturnMin                      -55.50754404067993
2020-10-17 07:29:38.164947  | ReturnMax                      1.5834875106811523
2020-10-17 07:29:38.164956  | NonzeroRewardsAverage          10.37
2020-10-17 07:29:38.164964  | NonzeroRewardsStd              4.302685208099705
2020-10-17 07:29:38.164972  | NonzeroRewardsMedian           11.0
2020-10-17 07:29:38.164981  | NonzeroRewardsMin              2
2020-10-17 07:29:38.164989  | NonzeroRewardsMax              23
2020-10-17 07:29:38.164997  | DiscountedReturnAverage        -18.46874291137364
2020-10-17 07:29:38.165006  | DiscountedReturnStd            13.550518997289487
2020-10-17 07:29:38.165014  | DiscountedReturnMedian         -15.164478357306269
2020-10-17 07:29:38.165022  | DiscountedReturnMin            -49.9839971110262
2020-10-17 07:29:38.165030  | DiscountedReturnMax            1.536990008354187
2020-10-17 07:29:38.165039  | SuccessAverage                 0.61
2020-10-17 07:29:38.165047  | SuccessStd                     0.4877499359302879
2020-10-17 07:29:38.165055  | SuccessMedian                  1.0
2020-10-17 07:29:38.165064  | SuccessMin                     False
2020-10-17 07:29:38.165072  | SuccessMax                     True
2020-10-17 07:29:38.165080  | InsertDepthAverage             -0.0114371837170284
2020-10-17 07:29:38.165089  | InsertDepthStd                 0.009145646125314703
2020-10-17 07:29:38.165097  | InsertDepthMedian              -0.018124703444226384
2020-10-17 07:29:38.165105  | InsertDepthMin                 -0.01867724437716531
2020-10-17 07:29:38.165113  | InsertDepthMax                 0.00787658315550624
2020-10-17 07:29:38.165122  | lossAverage                    42.55288192629814
2020-10-17 07:29:38.165137  | lossStd                        7.4447085382611125
2020-10-17 07:29:38.165145  | lossMedian                     42.232383728027344
2020-10-17 07:29:38.165153  | lossMin                        24.654970169067383
2020-10-17 07:29:38.165164  | lossMax                        65.61003112792969
2020-10-17 07:29:38.165172  | gradNormAverage                4897.880548858642
2020-10-17 07:29:38.165181  | gradNormStd                    2691.604021212207
2020-10-17 07:29:38.165189  | gradNormMedian                 4315.14501953125
2020-10-17 07:29:38.165197  | gradNormMin                    1332.481201171875
2020-10-17 07:29:38.165206  | gradNormMax                    19067.47265625
2020-10-17 07:29:38.165214  | entropyAverage                 0.8596763350069523
2020-10-17 07:29:38.165223  | entropyStd                     0.07829590013015966
2020-10-17 07:29:38.165231  | entropyMedian                  0.8617141842842102
2020-10-17 07:29:38.165239  | entropyMin                     0.6311584711074829
2020-10-17 07:29:38.165248  | entropyMax                     1.1158357858657837
2020-10-17 07:29:38.165257  | perplexityAverage              3.0038748614490034
2020-10-17 07:29:38.165265  | perplexityStd                  0.32580848010106245
2020-10-17 07:29:38.165274  | perplexityMedian               2.975019693374634
2020-10-17 07:29:38.165282  | perplexityMin                  2.215000629425049
2020-10-17 07:29:38.165290  | perplexityMax                  4.3887529373168945
2020-10-17 07:29:38.165299  | -----------------------------  ---------------------
2020-10-17 07:29:38.165380  | run_10_17_07_19_square_10_17_07_19 itr #4 Optimizing over 1 iterations.
2020-10-17 07:31:36.360978  | run_10_17_07_19_square_10_17_07_19 itr #5 saving snapshot...
2020-10-17 07:31:36.362844  | run_10_17_07_19_square_10_17_07_19 itr #5 saved
2020-10-17 07:31:36.388428  | -----------------------------  ---------------------
2020-10-17 07:31:36.388472  | Diagnostics/NewCompletedTrajs  192
2020-10-17 07:31:36.388482  | Diagnostics/StepsInTrajWindow  1032
2020-10-17 07:31:36.388491  | Diagnostics/Iteration          5
2020-10-17 07:31:36.388499  | Diagnostics/CumTime (s)        735.3096671104431
2020-10-17 07:31:36.388508  | Diagnostics/CumSteps           12288
2020-10-17 07:31:36.388518  | Diagnostics/CumCompletedTrajs  1140
2020-10-17 07:31:36.388527  | Diagnostics/CumUpdates         1920
2020-10-17 07:31:36.388536  | Diagnostics/StepsPerSecond     17.322792861300545
2020-10-17 07:31:36.388545  | Diagnostics/UpdatesPerSecond   2.7066863845782105
2020-10-17 07:31:36.388554  | Diagnostics/ReplayRatio        10.0
2020-10-17 07:31:36.388563  | Diagnostics/CumReplayRatio     10.0
2020-10-17 07:31:36.388571  | LengthAverage                  10.32
2020-10-17 07:31:36.388580  | LengthStd                      3.929071137050079
2020-10-17 07:31:36.388589  | LengthMedian                   10.0
2020-10-17 07:31:36.388597  | LengthMin                      2
2020-10-17 07:31:36.388606  | LengthMax                      19
2020-10-17 07:31:36.388615  | ReturnAverage                  -19.14318610608578
2020-10-17 07:31:36.388624  | ReturnStd                      14.177760481920346
2020-10-17 07:31:36.388632  | ReturnMedian                   -14.507274746894836
2020-10-17 07:31:36.388641  | ReturnMin                      -45.63059222698212
2020-10-17 07:31:36.388650  | ReturnMax                      1.2957966327667236
2020-10-17 07:31:36.388659  | NonzeroRewardsAverage          10.32
2020-10-17 07:31:36.388668  | NonzeroRewardsStd              3.929071137050079
2020-10-17 07:31:36.388676  | NonzeroRewardsMedian           10.0
2020-10-17 07:31:36.388685  | NonzeroRewardsMin              2
2020-10-17 07:31:36.388694  | NonzeroRewardsMax              19
2020-10-17 07:31:36.388703  | DiscountedReturnAverage        -18.141500306946433
2020-10-17 07:31:36.388711  | DiscountedReturnStd            13.021713721941085
2020-10-17 07:31:36.388720  | DiscountedReturnMedian         -14.14796185073195
2020-10-17 07:31:36.388729  | DiscountedReturnMin            -42.17576609662627
2020-10-17 07:31:36.388745  | DiscountedReturnMax            1.250297951698303
2020-10-17 07:31:36.388754  | SuccessAverage                 0.63
2020-10-17 07:31:36.388762  | SuccessStd                     0.4828043081829324
2020-10-17 07:31:36.388771  | SuccessMedian                  1.0
2020-10-17 07:31:36.388779  | SuccessMin                     False
2020-10-17 07:31:36.388788  | SuccessMax                     True
2020-10-17 07:31:36.388796  | InsertDepthAverage             -0.011120703012754855
2020-10-17 07:31:36.388805  | InsertDepthStd                 0.009886907790047136
2020-10-17 07:31:36.388812  | InsertDepthMedian              -0.01809139966741613
2020-10-17 07:31:36.388821  | InsertDepthMin                 -0.01879057627456676
2020-10-17 07:31:36.388829  | InsertDepthMax                 0.01767786620068429
2020-10-17 07:31:36.388838  | lossAverage                    45.08605424165726
2020-10-17 07:31:36.388846  | lossStd                        7.627530623925149
2020-10-17 07:31:36.388855  | lossMedian                     45.09304237365723
2020-10-17 07:31:36.388863  | lossMin                        24.371713638305664
2020-10-17 07:31:36.388872  | lossMax                        74.71539306640625
2020-10-17 07:31:36.388880  | gradNormAverage                5032.382399749756
2020-10-17 07:31:36.388888  | gradNormStd                    2705.9853690402556
2020-10-17 07:31:36.388897  | gradNormMedian                 4197.870361328125
2020-10-17 07:31:36.388905  | gradNormMin                    1347.33203125
2020-10-17 07:31:36.388914  | gradNormMax                    15755.845703125
2020-10-17 07:31:36.388922  | entropyAverage                 0.8248848395422101
2020-10-17 07:31:36.388931  | entropyStd                     0.07917036863189038
2020-10-17 07:31:36.388939  | entropyMedian                  0.8224377334117889
2020-10-17 07:31:36.388948  | entropyMin                     0.5626317858695984
2020-10-17 07:31:36.388956  | entropyMax                     1.0186424255371094
2020-10-17 07:31:36.388965  | perplexityAverage              2.8519726902246476
2020-10-17 07:31:36.388974  | perplexityStd                  0.2827926739535701
2020-10-17 07:31:36.388982  | perplexityMedian               2.8486783504486084
2020-10-17 07:31:36.388991  | perplexityMin                  2.044785261154175
2020-10-17 07:31:36.388999  | perplexityMax                  3.5263307094573975
2020-10-17 07:31:36.389007  | -----------------------------  ---------------------
2020-10-17 07:31:36.389084  | run_10_17_07_19_square_10_17_07_19 itr #5 Optimizing over 1 iterations.
2020-10-17 07:33:36.813934  | run_10_17_07_19_square_10_17_07_19 itr #6 saving snapshot...
2020-10-17 07:33:36.815805  | run_10_17_07_19_square_10_17_07_19 itr #6 saved
2020-10-17 07:33:36.828576  | -----------------------------  ---------------------
2020-10-17 07:33:36.828615  | Diagnostics/NewCompletedTrajs  205
2020-10-17 07:33:36.828626  | Diagnostics/StepsInTrajWindow  1006
2020-10-17 07:33:36.828634  | Diagnostics/Iteration          6
2020-10-17 07:33:36.828642  | Diagnostics/CumTime (s)        855.7626252174377
2020-10-17 07:33:36.828654  | Diagnostics/CumSteps           14336
2020-10-17 07:33:36.828667  | Diagnostics/CumCompletedTrajs  1345
2020-10-17 07:33:36.828677  | Diagnostics/CumUpdates         2240
2020-10-17 07:33:36.828685  | Diagnostics/StepsPerSecond     17.002488209387312
2020-10-17 07:33:36.828695  | Diagnostics/UpdatesPerSecond   2.6566387827167675
2020-10-17 07:33:36.828704  | Diagnostics/ReplayRatio        10.0
2020-10-17 07:33:36.828712  | Diagnostics/CumReplayRatio     10.0
2020-10-17 07:33:36.828721  | LengthAverage                  10.06
2020-10-17 07:33:36.828730  | LengthStd                      4.081225306204009
2020-10-17 07:33:36.828739  | LengthMedian                   9.0
2020-10-17 07:33:36.828747  | LengthMin                      4
2020-10-17 07:33:36.828756  | LengthMax                      20
2020-10-17 07:33:36.828764  | ReturnAverage                  -17.53593245714903
2020-10-17 07:33:36.828773  | ReturnStd                      14.07196757392567
2020-10-17 07:33:36.828788  | ReturnMedian                   -12.47628977894783
2020-10-17 07:33:36.828797  | ReturnMin                      -47.10589289665222
2020-10-17 07:33:36.828805  | ReturnMax                      -0.306554913520813
2020-10-17 07:33:36.828814  | NonzeroRewardsAverage          10.06
2020-10-17 07:33:36.828822  | NonzeroRewardsStd              4.081225306204009
2020-10-17 07:33:36.828831  | NonzeroRewardsMedian           9.0
2020-10-17 07:33:36.828839  | NonzeroRewardsMin              4
2020-10-17 07:33:36.828847  | NonzeroRewardsMax              20
2020-10-17 07:33:36.828856  | DiscountedReturnAverage        -16.65851950584094
2020-10-17 07:33:36.828865  | DiscountedReturnStd            12.957597382940275
2020-10-17 07:33:36.828873  | DiscountedReturnMedian         -12.262319013151389
2020-10-17 07:33:36.828882  | DiscountedReturnMin            -43.37352828213512
2020-10-17 07:33:36.828890  | DiscountedReturnMax            -0.40648634054040933
2020-10-17 07:33:36.828899  | SuccessAverage                 0.71
2020-10-17 07:33:36.828907  | SuccessStd                     0.4537620521815371
2020-10-17 07:33:36.828916  | SuccessMedian                  1.0
2020-10-17 07:33:36.828924  | SuccessMin                     False
2020-10-17 07:33:36.828932  | SuccessMax                     True
2020-10-17 07:33:36.828941  | InsertDepthAverage             -0.01289056432049391
2020-10-17 07:33:36.828949  | InsertDepthStd                 0.008548068569038031
2020-10-17 07:33:36.828958  | InsertDepthMedian              -0.01819218133556548
2020-10-17 07:33:36.828966  | InsertDepthMin                 -0.0190214830252316
2020-10-17 07:33:36.828975  | InsertDepthMax                 0.0036372632174226927
2020-10-17 07:33:36.828983  | lossAverage                    47.4194877743721
2020-10-17 07:33:36.828992  | lossStd                        9.348520238634077
2020-10-17 07:33:36.829000  | lossMedian                     46.78520202636719
2020-10-17 07:33:36.829009  | lossMin                        24.05951690673828
2020-10-17 07:33:36.829020  | lossMax                        78.57133483886719
2020-10-17 07:33:36.829027  | gradNormAverage                5117.90318107605
2020-10-17 07:33:36.829035  | gradNormStd                    2546.7821032642337
2020-10-17 07:33:36.829044  | gradNormMedian                 4542.950927734375
2020-10-17 07:33:36.829052  | gradNormMin                    1021.97216796875
2020-10-17 07:33:36.829061  | gradNormMax                    15442.7744140625
2020-10-17 07:33:36.829069  | entropyAverage                 0.835011363402009
2020-10-17 07:33:36.829078  | entropyStd                     0.08048360815294076
2020-10-17 07:33:36.829086  | entropyMedian                  0.8270836472511292
2020-10-17 07:33:36.829095  | entropyMin                     0.563146710395813
2020-10-17 07:33:36.829103  | entropyMax                     1.1053272485733032
2020-10-17 07:33:36.829111  | perplexityAverage              2.847516083717346
2020-10-17 07:33:36.829120  | perplexityStd                  0.2781905711570252
2020-10-17 07:33:36.829128  | perplexityMedian               2.808053135871887
2020-10-17 07:33:36.829137  | perplexityMin                  2.0307934284210205
2020-10-17 07:33:36.829145  | perplexityMax                  3.7047815322875977
2020-10-17 07:33:36.829154  | -----------------------------  ---------------------
2020-10-17 07:33:36.829229  | run_10_17_07_19_square_10_17_07_19 itr #6 Optimizing over 1 iterations.
2020-10-17 07:35:35.904091  | run_10_17_07_19_square_10_17_07_19 itr #7 saving snapshot...
2020-10-17 07:35:35.907027  | run_10_17_07_19_square_10_17_07_19 itr #7 saved
2020-10-17 07:35:35.923613  | -----------------------------  ---------------------
2020-10-17 07:35:35.923650  | Diagnostics/NewCompletedTrajs  206
2020-10-17 07:35:35.923661  | Diagnostics/StepsInTrajWindow  952
2020-10-17 07:35:35.923669  | Diagnostics/Iteration          7
2020-10-17 07:35:35.923677  | Diagnostics/CumTime (s)        974.8538627624512
2020-10-17 07:35:35.923687  | Diagnostics/CumSteps           16384
2020-10-17 07:35:35.923703  | Diagnostics/CumCompletedTrajs  1551
2020-10-17 07:35:35.923712  | Diagnostics/CumUpdates         2560
2020-10-17 07:35:35.923721  | Diagnostics/StepsPerSecond     17.19689913563883
2020-10-17 07:35:35.923729  | Diagnostics/UpdatesPerSecond   2.687015489943567
2020-10-17 07:35:35.923737  | Diagnostics/ReplayRatio        10.0
2020-10-17 07:35:35.923746  | Diagnostics/CumReplayRatio     10.0
2020-10-17 07:35:35.923754  | LengthAverage                  9.52
2020-10-17 07:35:35.923763  | LengthStd                      3.548182633405445
2020-10-17 07:35:35.923771  | LengthMedian                   9.0
2020-10-17 07:35:35.923779  | LengthMin                      4
2020-10-17 07:35:35.923787  | LengthMax                      17
2020-10-17 07:35:35.923796  | ReturnAverage                  -15.78414901614189
2020-10-17 07:35:35.923804  | ReturnStd                      12.76331580767261
2020-10-17 07:35:35.923813  | ReturnMedian                   -10.556076347827911
2020-10-17 07:35:35.923821  | ReturnMin                      -40.59452033042908
2020-10-17 07:35:35.923829  | ReturnMax                      -0.24153661727905273
2020-10-17 07:35:35.923838  | NonzeroRewardsAverage          9.52
2020-10-17 07:35:35.923846  | NonzeroRewardsStd              3.548182633405445
2020-10-17 07:35:35.923854  | NonzeroRewardsMedian           9.0
2020-10-17 07:35:35.923862  | NonzeroRewardsMin              4
2020-10-17 07:35:35.923872  | NonzeroRewardsMax              17
2020-10-17 07:35:35.923883  | DiscountedReturnAverage        -15.09177006790215
2020-10-17 07:35:35.923898  | DiscountedReturnStd            11.820872733016538
2020-10-17 07:35:35.923906  | DiscountedReturnMedian         -10.45333176487597
2020-10-17 07:35:35.923915  | DiscountedReturnMin            -37.84148462463748
2020-10-17 07:35:35.923923  | DiscountedReturnMax            -0.34258335452938127
2020-10-17 07:35:35.923932  | SuccessAverage                 0.75
2020-10-17 07:35:35.923940  | SuccessStd                     0.4330127018922193
2020-10-17 07:35:35.923949  | SuccessMedian                  1.0
2020-10-17 07:35:35.923957  | SuccessMin                     False
2020-10-17 07:35:35.923967  | SuccessMax                     True
2020-10-17 07:35:35.923975  | InsertDepthAverage             -0.01408180746304792
2020-10-17 07:35:35.923984  | InsertDepthStd                 0.007741275154583278
2020-10-17 07:35:35.923992  | InsertDepthMedian              -0.018200454764006183
2020-10-17 07:35:35.924000  | InsertDepthMin                 -0.018841779110445656
2020-10-17 07:35:35.924009  | InsertDepthMax                 0.004657706340804008
2020-10-17 07:35:35.924017  | lossAverage                    38.15500517487526
2020-10-17 07:35:35.924025  | lossStd                        7.207118699452796
2020-10-17 07:35:35.924034  | lossMedian                     37.8008975982666
2020-10-17 07:35:35.924042  | lossMin                        21.01527976989746
2020-10-17 07:35:35.924050  | lossMax                        58.55145263671875
