2020-10-16 15:58:53.029675  | run_10_16_15_58_round_10_16_15_58 Runner  master CPU affinity: [0, 1, 2, 3, 4, 5, 6, 7, 8, 9, 10, 11, 12, 13, 14, 15].
2020-10-16 15:58:53.029737  | run_10_16_15_58_round_10_16_15_58 Runner  master Torch threads: 8.
2020-10-16 15:58:54.769222  | run_10_16_15_58_round_10_16_15_58 Sampler rank 1 initialized, CPU affinity [9], Torch threads 1, Seed 20
2020-10-16 15:58:54.769720  | run_10_16_15_58_round_10_16_15_58 Sampler rank 0 initialized, CPU affinity [8], Torch threads 1, Seed 19
2020-10-16 15:58:54.776625  | run_10_16_15_58_round_10_16_15_58 Sampler rank 3 initialized, CPU affinity [11], Torch threads 1, Seed 22
2020-10-16 15:58:54.776896  | run_10_16_15_58_round_10_16_15_58 Sampler rank 2 initialized, CPU affinity [10], Torch threads 1, Seed 21
2020-10-16 15:58:58.882105  | run_10_16_15_58_round_10_16_15_58 Sampler decorrelating envs, max steps: 10
2020-10-16 15:59:04.744881  | run_10_16_15_58_round_10_16_15_58 Running 488 iterations of minibatch RL.
2020-10-16 15:59:08.002333  | run_10_16_15_58_round_10_16_15_58 Initialized agent model on device: cuda:1.
2020-10-16 15:59:08.002768  | run_10_16_15_58_round_10_16_15_58 Optimizing over 1 iterations.
2020-10-16 16:02:16.611699  | run_10_16_15_58_round_10_16_15_58 itr #0 saving snapshot...
2020-10-16 16:02:16.615666  | run_10_16_15_58_round_10_16_15_58 itr #0 saved
2020-10-16 16:02:16.647618  | -----------------------------  ---------------------
2020-10-16 16:02:16.647658  | Diagnostics/NewCompletedTrajs  85
2020-10-16 16:02:16.647669  | Diagnostics/StepsInTrajWindow  1921
2020-10-16 16:02:16.647678  | Diagnostics/Iteration          0
2020-10-16 16:02:16.647687  | Diagnostics/CumTime (s)        188.61292457580566
2020-10-16 16:02:16.647696  | Diagnostics/CumSteps           2048
2020-10-16 16:02:16.647705  | Diagnostics/CumCompletedTrajs  85
2020-10-16 16:02:16.647713  | Diagnostics/CumUpdates         320
2020-10-16 16:02:16.647722  | Diagnostics/StepsPerSecond     nan
2020-10-16 16:02:16.647730  | Diagnostics/UpdatesPerSecond   nan
2020-10-16 16:02:16.647739  | Diagnostics/ReplayRatio        10.0
2020-10-16 16:02:16.647747  | Diagnostics/CumReplayRatio     10.0
2020-10-16 16:02:16.647756  | LengthAverage                  22.6
2020-10-16 16:02:16.647764  | LengthStd                      5.218068157289406
2020-10-16 16:02:16.647772  | LengthMedian                   22.0
2020-10-16 16:02:16.647781  | LengthMin                      14
2020-10-16 16:02:16.647789  | LengthMax                      51
2020-10-16 16:02:16.647798  | ReturnAverage                  -50.98586457652204
2020-10-16 16:02:16.647806  | ReturnStd                      8.097344987836534
2020-10-16 16:02:16.647815  | ReturnMedian                   -51.14798843860626
2020-10-16 16:02:16.647823  | ReturnMin                      -72.1169154047966
2020-10-16 16:02:16.647832  | ReturnMax                      -13.825489573180676
2020-10-16 16:02:16.647840  | NonzeroRewardsAverage          22.6
2020-10-16 16:02:16.647848  | NonzeroRewardsStd              5.218068157289406
2020-10-16 16:02:16.647857  | NonzeroRewardsMedian           22.0
2020-10-16 16:02:16.647865  | NonzeroRewardsMin              14
2020-10-16 16:02:16.647873  | NonzeroRewardsMax              51
2020-10-16 16:02:16.647882  | DiscountedReturnAverage        -45.596664321603576
2020-10-16 16:02:16.647890  | DiscountedReturnStd            6.64904648814243
2020-10-16 16:02:16.647898  | DiscountedReturnMedian         -46.17148371992984
2020-10-16 16:02:16.647907  | DiscountedReturnMin            -58.56168470268651
2020-10-16 16:02:16.647915  | DiscountedReturnMax            -13.514584859732054
2020-10-16 16:02:16.647924  | SuccessAverage                 0.023529411764705882
2020-10-16 16:02:16.647933  | SuccessStd                     0.15157763207911915
2020-10-16 16:02:16.647941  | SuccessMedian                  0.0
2020-10-16 16:02:16.647950  | SuccessMin                     False
2020-10-16 16:02:16.647958  | SuccessMax                     True
2020-10-16 16:02:16.647967  | InsertDepthAverage             0.002512698786978533
2020-10-16 16:02:16.647981  | InsertDepthStd                 0.0049108016184202675
2020-10-16 16:02:16.647990  | InsertDepthMedian              0.003129972584946683
2020-10-16 16:02:16.647998  | InsertDepthMin                 -0.018259562191147022
2020-10-16 16:02:16.648006  | InsertDepthMax                 0.014887273410654794
2020-10-16 16:02:16.648014  | lossAverage                    206.82319877147674
2020-10-16 16:02:16.648022  | lossStd                        96.30286342489167
2020-10-16 16:02:16.648030  | lossMedian                     171.76546478271484
2020-10-16 16:02:16.648039  | lossMin                        95.59732055664062
2020-10-16 16:02:16.648047  | lossMax                        567.5181274414062
2020-10-16 16:02:16.648055  | gradNormAverage                4238.556597328186
2020-10-16 16:02:16.648063  | gradNormStd                    2318.344951781627
2020-10-16 16:02:16.648071  | gradNormMedian                 4262.111328125
2020-10-16 16:02:16.648079  | gradNormMin                    325.6336669921875
2020-10-16 16:02:16.648087  | gradNormMax                    8932.9072265625
2020-10-16 16:02:16.648095  | entropyAverage                 3.7718992292881013
2020-10-16 16:02:16.648105  | entropyStd                     0.04878942704278727
2020-10-16 16:02:16.648113  | entropyMedian                  3.7734404802322388
2020-10-16 16:02:16.648122  | entropyMin                     3.6116251945495605
2020-10-16 16:02:16.648130  | entropyMax                     3.8949289321899414
2020-10-16 16:02:16.648139  | perplexityAverage              47.055575740337375
2020-10-16 16:02:16.648147  | perplexityStd                  2.10410629719475
2020-10-16 16:02:16.648156  | perplexityMedian               47.10663604736328
2020-10-16 16:02:16.648164  | perplexityMin                  40.221153259277344
2020-10-16 16:02:16.648173  | perplexityMax                  52.175941467285156
2020-10-16 16:02:16.648181  | -----------------------------  ---------------------
2020-10-16 16:02:16.648312  | run_10_16_15_58_round_10_16_15_58 itr #0 Optimizing over 1 iterations.
2020-10-16 16:05:49.752497  | run_10_16_15_58_round_10_16_15_58 itr #1 saving snapshot...
2020-10-16 16:05:49.755763  | run_10_16_15_58_round_10_16_15_58 itr #1 saved
2020-10-16 16:05:49.778386  | -----------------------------  ---------------------
2020-10-16 16:05:49.778436  | Diagnostics/NewCompletedTrajs  103
2020-10-16 16:05:49.778459  | Diagnostics/StepsInTrajWindow  2035
2020-10-16 16:05:49.778478  | Diagnostics/Iteration          1
2020-10-16 16:05:49.778495  | Diagnostics/CumTime (s)        401.7530081272125
2020-10-16 16:05:49.778512  | Diagnostics/CumSteps           4096
2020-10-16 16:05:49.778529  | Diagnostics/CumCompletedTrajs  188
2020-10-16 16:05:49.778545  | Diagnostics/CumUpdates         640
2020-10-16 16:05:49.778561  | Diagnostics/StepsPerSecond     9.608704124890927
2020-10-16 16:05:49.778577  | Diagnostics/UpdatesPerSecond   1.5013600195142074
2020-10-16 16:05:49.778593  | Diagnostics/ReplayRatio        10.0
2020-10-16 16:05:49.778609  | Diagnostics/CumReplayRatio     10.0
2020-10-16 16:05:49.778624  | LengthAverage                  20.35
2020-10-16 16:05:49.778641  | LengthStd                      4.4483142874576656
2020-10-16 16:05:49.778657  | LengthMedian                   20.0
2020-10-16 16:05:49.778673  | LengthMin                      3
2020-10-16 16:05:49.778689  | LengthMax                      31
2020-10-16 16:05:49.778705  | ReturnAverage                  -49.094995246976616
2020-10-16 16:05:49.778719  | ReturnStd                      9.933477606791222
2020-10-16 16:05:49.778734  | ReturnMedian                   -50.30775272846222
2020-10-16 16:05:49.778748  | ReturnMin                      -63.821828961372375
2020-10-16 16:05:49.778763  | ReturnMax                      0.8219358921051025
2020-10-16 16:05:49.778779  | NonzeroRewardsAverage          20.35
2020-10-16 16:05:49.778794  | NonzeroRewardsStd              4.4483142874576656
2020-10-16 16:05:49.778809  | NonzeroRewardsMedian           20.0
2020-10-16 16:05:49.778825  | NonzeroRewardsMin              3
2020-10-16 16:05:49.778855  | NonzeroRewardsMax              31
2020-10-16 16:05:49.778872  | DiscountedReturnAverage        -44.230430359876024
2020-10-16 16:05:49.778887  | DiscountedReturnStd            8.688164911449112
2020-10-16 16:05:49.778902  | DiscountedReturnMedian         -45.72264768124687
2020-10-16 16:05:49.778917  | DiscountedReturnMin            -55.46757077003467
2020-10-16 16:05:49.778932  | DiscountedReturnMax            0.7495097345829009
2020-10-16 16:05:49.778948  | SuccessAverage                 0.04
2020-10-16 16:05:49.778963  | SuccessStd                     0.19595917942265423
2020-10-16 16:05:49.778978  | SuccessMedian                  0.0
2020-10-16 16:05:49.778994  | SuccessMin                     False
2020-10-16 16:05:49.779009  | SuccessMax                     True
2020-10-16 16:05:49.779024  | InsertDepthAverage             0.0018832260647813684
2020-10-16 16:05:49.779039  | InsertDepthStd                 0.007677085094614665
2020-10-16 16:05:49.779054  | InsertDepthMedian              0.003117679322913694
2020-10-16 16:05:49.779069  | InsertDepthMin                 -0.023193498768046716
2020-10-16 16:05:49.779085  | InsertDepthMax                 0.04290284391815169
2020-10-16 16:05:49.779100  | lossAverage                    96.19394023418427
2020-10-16 16:05:49.779115  | lossStd                        12.911255815023647
2020-10-16 16:05:49.779130  | lossMedian                     95.57762145996094
2020-10-16 16:05:49.779146  | lossMin                        63.83235168457031
2020-10-16 16:05:49.779161  | lossMax                        139.90895080566406
2020-10-16 16:05:49.779176  | gradNormAverage                999.8461130619049
2020-10-16 16:05:49.779190  | gradNormStd                    535.1497358801568
2020-10-16 16:05:49.779204  | gradNormMedian                 891.2460021972656
2020-10-16 16:05:49.779218  | gradNormMin                    232.8132781982422
2020-10-16 16:05:49.779232  | gradNormMax                    3058.60302734375
2020-10-16 16:05:49.779247  | entropyAverage                 3.7006391920149326
2020-10-16 16:05:49.779262  | entropyStd                     0.04825507532134684
2020-10-16 16:05:49.779277  | entropyMedian                  3.7011419534683228
2020-10-16 16:05:49.779293  | entropyMin                     3.5751688480377197
2020-10-16 16:05:49.779307  | entropyMax                     3.8362631797790527
2020-10-16 16:05:49.779322  | perplexityAverage              43.3792928814888
2020-10-16 16:05:49.779337  | perplexityStd                  2.004932846242433
2020-10-16 16:05:49.779352  | perplexityMedian               43.39780044555664
2020-10-16 16:05:49.779367  | perplexityMin                  38.117393493652344
2020-10-16 16:05:49.779381  | perplexityMax                  48.837615966796875
2020-10-16 16:05:49.779395  | -----------------------------  ---------------------
2020-10-16 16:05:49.779523  | run_10_16_15_58_round_10_16_15_58 itr #1 Optimizing over 1 iterations.
2020-10-16 16:09:21.846378  | run_10_16_15_58_round_10_16_15_58 itr #2 saving snapshot...
2020-10-16 16:09:21.849621  | run_10_16_15_58_round_10_16_15_58 itr #2 saved
2020-10-16 16:09:21.872392  | -----------------------------  ---------------------
2020-10-16 16:09:21.872442  | Diagnostics/NewCompletedTrajs  96
2020-10-16 16:09:21.872464  | Diagnostics/StepsInTrajWindow  2117
2020-10-16 16:09:21.872483  | Diagnostics/Iteration          2
2020-10-16 16:09:21.872500  | Diagnostics/CumTime (s)        613.8468670845032
2020-10-16 16:09:21.872517  | Diagnostics/CumSteps           6144
2020-10-16 16:09:21.872533  | Diagnostics/CumCompletedTrajs  284
2020-10-16 16:09:21.872549  | Diagnostics/CumUpdates         960
2020-10-16 16:09:21.872565  | Diagnostics/StepsPerSecond     9.656102303331686
2020-10-16 16:09:21.872580  | Diagnostics/UpdatesPerSecond   1.508765984895576
2020-10-16 16:09:21.872595  | Diagnostics/ReplayRatio        10.0
2020-10-16 16:09:21.872608  | Diagnostics/CumReplayRatio     10.0
2020-10-16 16:09:21.872623  | LengthAverage                  21.17
2020-10-16 16:09:21.872645  | LengthStd                      4.63908396130098
2020-10-16 16:09:21.872666  | LengthMedian                   21.0
2020-10-16 16:09:21.872681  | LengthMin                      4
2020-10-16 16:09:21.872696  | LengthMax                      35
2020-10-16 16:09:21.872711  | ReturnAverage                  -49.291168593764304
2020-10-16 16:09:21.872726  | ReturnStd                      7.81110949194013
2020-10-16 16:09:21.872741  | ReturnMedian                   -49.85647773742676
2020-10-16 16:09:21.872757  | ReturnMin                      -62.00638544559479
2020-10-16 16:09:21.872772  | ReturnMax                      -0.06015920639038086
2020-10-16 16:09:21.872786  | NonzeroRewardsAverage          21.17
2020-10-16 16:09:21.872801  | NonzeroRewardsStd              4.63908396130098
2020-10-16 16:09:21.872816  | NonzeroRewardsMedian           21.0
2020-10-16 16:09:21.872851  | NonzeroRewardsMin              4
2020-10-16 16:09:21.872868  | NonzeroRewardsMax              35
2020-10-16 16:09:21.872883  | DiscountedReturnAverage        -44.26119908004249
2020-10-16 16:09:21.872899  | DiscountedReturnStd            6.678814885245211
2020-10-16 16:09:21.872914  | DiscountedReturnMedian         -45.11552598927378
2020-10-16 16:09:21.872930  | DiscountedReturnMin            -52.806737172969136
2020-10-16 16:09:21.872945  | DiscountedReturnMax            -0.1661117739005098
2020-10-16 16:09:21.872961  | SuccessAverage                 0.02
2020-10-16 16:09:21.872977  | SuccessStd                     0.13999999999999999
2020-10-16 16:09:21.873004  | SuccessMedian                  0.0
2020-10-16 16:09:21.873020  | SuccessMin                     False
2020-10-16 16:09:21.873035  | SuccessMax                     True
2020-10-16 16:09:21.873050  | InsertDepthAverage             0.0018786981518610012
2020-10-16 16:09:21.873065  | InsertDepthStd                 0.008436087142473554
2020-10-16 16:09:21.873079  | InsertDepthMedian              0.0030129010460607925
2020-10-16 16:09:21.873092  | InsertDepthMin                 -0.05824497037383189
2020-10-16 16:09:21.873105  | InsertDepthMax                 0.029666091050321586
2020-10-16 16:09:21.873119  | lossAverage                    86.42382063865662
2020-10-16 16:09:21.873134  | lossStd                        12.978838884045002
2020-10-16 16:09:21.873152  | lossMedian                     85.77808380126953
2020-10-16 16:09:21.873167  | lossMin                        59.01476287841797
2020-10-16 16:09:21.873182  | lossMax                        125.11190032958984
2020-10-16 16:09:21.873197  | gradNormAverage                1107.312773323059
2020-10-16 16:09:21.873211  | gradNormStd                    568.2383578485532
2020-10-16 16:09:21.873226  | gradNormMedian                 994.9986267089844
2020-10-16 16:09:21.873241  | gradNormMin                    261.20330810546875
2020-10-16 16:09:21.873257  | gradNormMax                    3473.173828125
2020-10-16 16:09:21.873272  | entropyAverage                 3.6884438537061213
2020-10-16 16:09:21.873288  | entropyStd                     0.04687910495714602
2020-10-16 16:09:21.873303  | entropyMedian                  3.688155174255371
2020-10-16 16:09:21.873318  | entropyMin                     3.5610218048095703
2020-10-16 16:09:21.873333  | entropyMax                     3.8358373641967773
2020-10-16 16:09:21.873349  | perplexityAverage              42.99953095912933
2020-10-16 16:09:21.873364  | perplexityStd                  1.9178294244842569
2020-10-16 16:09:21.873379  | perplexityMedian               43.0047550201416
2020-10-16 16:09:21.873394  | perplexityMin                  37.70618438720703
2020-10-16 16:09:21.873409  | perplexityMax                  49.00303649902344
2020-10-16 16:09:21.873424  | -----------------------------  ---------------------
2020-10-16 16:09:21.873574  | run_10_16_15_58_round_10_16_15_58 itr #2 Optimizing over 1 iterations.
2020-10-16 16:12:47.069771  | run_10_16_15_58_round_10_16_15_58 itr #3 saving snapshot...
2020-10-16 16:12:47.073012  | run_10_16_15_58_round_10_16_15_58 itr #3 saved
2020-10-16 16:12:47.095479  | -----------------------------  ---------------------
2020-10-16 16:12:47.095526  | Diagnostics/NewCompletedTrajs  101
2020-10-16 16:12:47.095548  | Diagnostics/StepsInTrajWindow  2073
2020-10-16 16:12:47.095566  | Diagnostics/Iteration          3
2020-10-16 16:12:47.095582  | Diagnostics/CumTime (s)        819.0702648162842
2020-10-16 16:12:47.095597  | Diagnostics/CumSteps           8192
2020-10-16 16:12:47.095612  | Diagnostics/CumCompletedTrajs  385
2020-10-16 16:12:47.095625  | Diagnostics/CumUpdates         1280
2020-10-16 16:12:47.095640  | Diagnostics/StepsPerSecond     9.979368934709171
2020-10-16 16:12:47.095655  | Diagnostics/UpdatesPerSecond   1.559276396048308
2020-10-16 16:12:47.095669  | Diagnostics/ReplayRatio        10.0
2020-10-16 16:12:47.095684  | Diagnostics/CumReplayRatio     10.0
2020-10-16 16:12:47.095699  | LengthAverage                  20.73
2020-10-16 16:12:47.095713  | LengthStd                      4.830848786704052
2020-10-16 16:12:47.095728  | LengthMedian                   20.0
2020-10-16 16:12:47.095743  | LengthMin                      2
2020-10-16 16:12:47.095759  | LengthMax                      35
2020-10-16 16:12:47.095774  | ReturnAverage                  -49.0191456246376
2020-10-16 16:12:47.095789  | ReturnStd                      9.54468367702834
2020-10-16 16:12:47.095803  | ReturnMedian                   -50.71960359811783
2020-10-16 16:12:47.095819  | ReturnMin                      -63.923755168914795
2020-10-16 16:12:47.095834  | ReturnMax                      3.758925497531891
2020-10-16 16:12:47.095849  | NonzeroRewardsAverage          20.73
2020-10-16 16:12:47.095864  | NonzeroRewardsStd              4.830848786704052
2020-10-16 16:12:47.095880  | NonzeroRewardsMedian           20.0
2020-10-16 16:12:47.095895  | NonzeroRewardsMin              2
2020-10-16 16:12:47.095911  | NonzeroRewardsMax              35
2020-10-16 16:12:47.095926  | DiscountedReturnAverage        -44.119426215815686
2020-10-16 16:12:47.095941  | DiscountedReturnStd            8.241142799827973
2020-10-16 16:12:47.095957  | DiscountedReturnMedian         -45.33972205544924
2020-10-16 16:12:47.095972  | DiscountedReturnMin            -54.763135080990224
2020-10-16 16:12:47.095987  | DiscountedReturnMax            3.714007213115692
2020-10-16 16:12:47.096002  | SuccessAverage                 0.03
2020-10-16 16:12:47.096017  | SuccessStd                     0.17058722109231983
2020-10-16 16:12:47.096033  | SuccessMedian                  0.0
2020-10-16 16:12:47.096048  | SuccessMin                     False
2020-10-16 16:12:47.096063  | SuccessMax                     True
2020-10-16 16:12:47.096078  | InsertDepthAverage             0.002559095697463396
2020-10-16 16:12:47.096092  | InsertDepthStd                 0.00660947659835025
2020-10-16 16:12:47.096106  | InsertDepthMedian              0.0027273810990961767
2020-10-16 16:12:47.096120  | InsertDepthMin                 -0.019836276588040103
2020-10-16 16:12:47.096133  | InsertDepthMax                 0.031631826801234636
2020-10-16 16:12:47.096148  | lossAverage                    73.77864354848862
2020-10-16 16:12:47.096163  | lossStd                        10.468617119471196
2020-10-16 16:12:47.096179  | lossMedian                     74.19441604614258
2020-10-16 16:12:47.096194  | lossMin                        42.57199478149414
2020-10-16 16:12:47.096209  | lossMax                        105.5782470703125
2020-10-16 16:12:47.096224  | gradNormAverage                1521.878618812561
2020-10-16 16:12:47.096239  | gradNormStd                    735.4476666715159
2020-10-16 16:12:47.096254  | gradNormMedian                 1330.3099365234375
2020-10-16 16:12:47.096269  | gradNormMin                    388.95703125
2020-10-16 16:12:47.096284  | gradNormMax                    3984.837158203125
2020-10-16 16:12:47.096299  | entropyAverage                 3.7073921456933023
2020-10-16 16:12:47.096314  | entropyStd                     0.046585502598484096
2020-10-16 16:12:47.096329  | entropyMedian                  3.7073864936828613
2020-10-16 16:12:47.096350  | entropyMin                     3.554638624191284
2020-10-16 16:12:47.096366  | entropyMax                     3.8228976726531982
2020-10-16 16:12:47.096382  | perplexityAverage              43.688351249694826
2020-10-16 16:12:47.096397  | perplexityStd                  1.8770149170458672
2020-10-16 16:12:47.096412  | perplexityMedian               43.70412635803223
2020-10-16 16:12:47.096428  | perplexityMin                  37.467098236083984
2020-10-16 16:12:47.096443  | perplexityMax                  48.35795593261719
2020-10-16 16:12:47.096459  | -----------------------------  ---------------------
2020-10-16 16:12:47.096592  | run_10_16_15_58_round_10_16_15_58 itr #3 Optimizing over 1 iterations.
2020-10-16 16:16:11.494478  | run_10_16_15_58_round_10_16_15_58 itr #4 saving snapshot...
2020-10-16 16:16:11.498115  | run_10_16_15_58_round_10_16_15_58 itr #4 saved
2020-10-16 16:16:11.530863  | -----------------------------  ---------------------
2020-10-16 16:16:11.530908  | Diagnostics/NewCompletedTrajs  98
2020-10-16 16:16:11.530919  | Diagnostics/StepsInTrajWindow  2057
2020-10-16 16:16:11.530928  | Diagnostics/Iteration          4
2020-10-16 16:16:11.530936  | Diagnostics/CumTime (s)        1023.4953656196594
2020-10-16 16:16:11.530947  | Diagnostics/CumSteps           10240
2020-10-16 16:16:11.530956  | Diagnostics/CumCompletedTrajs  483
2020-10-16 16:16:11.530964  | Diagnostics/CumUpdates         1600
2020-10-16 16:16:11.530973  | Diagnostics/StepsPerSecond     10.018339195879147
2020-10-16 16:16:11.530981  | Diagnostics/UpdatesPerSecond   1.5653654993561168
2020-10-16 16:16:11.530990  | Diagnostics/ReplayRatio        10.0
2020-10-16 16:16:11.530999  | Diagnostics/CumReplayRatio     10.0
2020-10-16 16:16:11.531007  | LengthAverage                  20.57
2020-10-16 16:16:11.531016  | LengthStd                      4.488329310556435
2020-10-16 16:16:11.531024  | LengthMedian                   20.0
2020-10-16 16:16:11.531033  | LengthMin                      5
2020-10-16 16:16:11.531041  | LengthMax                      34
2020-10-16 16:16:11.531050  | ReturnAverage                  -48.601596904695036
2020-10-16 16:16:11.531058  | ReturnStd                      8.222146623239132
2020-10-16 16:16:11.531067  | ReturnMedian                   -49.37170660495758
2020-10-16 16:16:11.531075  | ReturnMin                      -62.61924064159393
2020-10-16 16:16:11.531084  | ReturnMax                      0.17770573496818542
2020-10-16 16:16:11.531092  | NonzeroRewardsAverage          20.57
2020-10-16 16:16:11.531101  | NonzeroRewardsStd              4.488329310556435
2020-10-16 16:16:11.531109  | NonzeroRewardsMedian           20.0
2020-10-16 16:16:11.531118  | NonzeroRewardsMin              5
2020-10-16 16:16:11.531126  | NonzeroRewardsMax              34
2020-10-16 16:16:11.531135  | DiscountedReturnAverage        -43.804119837080435
2020-10-16 16:16:11.531143  | DiscountedReturnStd            7.117403225870058
2020-10-16 16:16:11.531152  | DiscountedReturnMedian         -44.67163128363796
2020-10-16 16:16:11.531161  | DiscountedReturnMin            -54.67448377506041
2020-10-16 16:16:11.531169  | DiscountedReturnMax            0.036948704152201195
2020-10-16 16:16:11.531178  | SuccessAverage                 0.02
2020-10-16 16:16:11.531186  | SuccessStd                     0.13999999999999999
2020-10-16 16:16:11.531195  | SuccessMedian                  0.0
2020-10-16 16:16:11.531203  | SuccessMin                     False
2020-10-16 16:16:11.531212  | SuccessMax                     True
2020-10-16 16:16:11.531220  | InsertDepthAverage             0.0023910545677533544
2020-10-16 16:16:11.531229  | InsertDepthStd                 0.00608770907145565
2020-10-16 16:16:11.531237  | InsertDepthMedian              0.0028497402799177174
2020-10-16 16:16:11.531246  | InsertDepthMin                 -0.0297180717114002
2020-10-16 16:16:11.531254  | InsertDepthMax                 0.016038193036456178
2020-10-16 16:16:11.531263  | lossAverage                    64.8951850771904
2020-10-16 16:16:11.531271  | lossStd                        11.11606952740083
2020-10-16 16:16:11.531287  | lossMedian                     64.71813201904297
2020-10-16 16:16:11.531296  | lossMin                        34.42186737060547
2020-10-16 16:16:11.531305  | lossMax                        100.20213317871094
2020-10-16 16:16:11.531313  | gradNormAverage                2198.061334323883
2020-10-16 16:16:11.531321  | gradNormStd                    1131.5536403304836
2020-10-16 16:16:11.531329  | gradNormMedian                 1897.1012573242188
2020-10-16 16:16:11.531337  | gradNormMin                    477.2366638183594
2020-10-16 16:16:11.531346  | gradNormMax                    6944.05419921875
2020-10-16 16:16:11.531354  | entropyAverage                 3.675929659605026
2020-10-16 16:16:11.531362  | entropyStd                     0.048641491461364
2020-10-16 16:16:11.531371  | entropyMedian                  3.674167037010193
2020-10-16 16:16:11.531379  | entropyMin                     3.5165767669677734
2020-10-16 16:16:11.531387  | entropyMax                     3.8517098426818848
2020-10-16 16:16:11.531395  | perplexityAverage              42.51229230165482
2020-10-16 16:16:11.531404  | perplexityStd                  1.956928295725578
2020-10-16 16:16:11.531412  | perplexityMedian               42.46976089477539
2020-10-16 16:16:11.531420  | perplexityMin                  36.220096588134766
2020-10-16 16:16:11.531428  | perplexityMax                  49.90226745605469
2020-10-16 16:16:11.531437  | -----------------------------  ---------------------
2020-10-16 16:16:11.531515  | run_10_16_15_58_round_10_16_15_58 itr #4 Optimizing over 1 iterations.
2020-10-16 16:19:49.570304  | run_10_16_15_58_round_10_16_15_58 itr #5 saving snapshot...
2020-10-16 16:19:49.573578  | run_10_16_15_58_round_10_16_15_58 itr #5 saved
2020-10-16 16:19:49.596558  | -----------------------------  ---------------------
2020-10-16 16:19:49.596606  | Diagnostics/NewCompletedTrajs  103
2020-10-16 16:19:49.596629  | Diagnostics/StepsInTrajWindow  2025
2020-10-16 16:19:49.596647  | Diagnostics/Iteration          5
2020-10-16 16:19:49.596664  | Diagnostics/CumTime (s)        1241.570824623108
2020-10-16 16:19:49.596681  | Diagnostics/CumSteps           12288
2020-10-16 16:19:49.596696  | Diagnostics/CumCompletedTrajs  586
2020-10-16 16:19:49.596712  | Diagnostics/CumUpdates         1920
2020-10-16 16:19:49.596728  | Diagnostics/StepsPerSecond     9.391244706574776
2020-10-16 16:19:49.596744  | Diagnostics/UpdatesPerSecond   1.4673819854023087
2020-10-16 16:19:49.596760  | Diagnostics/ReplayRatio        10.0
2020-10-16 16:19:49.596776  | Diagnostics/CumReplayRatio     10.0
2020-10-16 16:19:49.596792  | LengthAverage                  20.25
2020-10-16 16:19:49.596808  | LengthStd                      4.905863838306155
2020-10-16 16:19:49.596824  | LengthMedian                   20.0
2020-10-16 16:19:49.596840  | LengthMin                      4
2020-10-16 16:19:49.596856  | LengthMax                      39
2020-10-16 16:19:49.596872  | ReturnAverage                  -47.22055634438991
2020-10-16 16:19:49.596888  | ReturnStd                      10.32194810426251
2020-10-16 16:19:49.596904  | ReturnMedian                   -48.62760442495346
2020-10-16 16:19:49.596920  | ReturnMin                      -75.91573977470398
2020-10-16 16:19:49.596936  | ReturnMax                      -1.7812474966049194
2020-10-16 16:19:49.596951  | NonzeroRewardsAverage          20.25
2020-10-16 16:19:49.596967  | NonzeroRewardsStd              4.905863838306155
2020-10-16 16:19:49.596984  | NonzeroRewardsMedian           20.0
2020-10-16 16:19:49.597000  | NonzeroRewardsMin              4
2020-10-16 16:19:49.597015  | NonzeroRewardsMax              39
2020-10-16 16:19:49.597031  | DiscountedReturnAverage        -42.59507185486037
2020-10-16 16:19:49.597046  | DiscountedReturnStd            8.934697230344588
2020-10-16 16:19:49.597060  | DiscountedReturnMedian         -44.16324709335252
2020-10-16 16:19:49.597075  | DiscountedReturnMin            -62.98317941666893
2020-10-16 16:19:49.597090  | DiscountedReturnMax            -1.8489837379918104
2020-10-16 16:19:49.597114  | SuccessAverage                 0.04
2020-10-16 16:19:49.597130  | SuccessStd                     0.19595917942265426
2020-10-16 16:19:49.597145  | SuccessMedian                  0.0
2020-10-16 16:19:49.597160  | SuccessMin                     False
2020-10-16 16:19:49.597176  | SuccessMax                     True
2020-10-16 16:19:49.597192  | InsertDepthAverage             0.002175882228869626
2020-10-16 16:19:49.597207  | InsertDepthStd                 0.008143859659289387
2020-10-16 16:19:49.597223  | InsertDepthMedian              0.002806129854970696
2020-10-16 16:19:49.597238  | InsertDepthMin                 -0.018541197558004152
2020-10-16 16:19:49.597253  | InsertDepthMax                 0.03346779614295478
2020-10-16 16:19:49.597269  | lossAverage                    53.08527448773384
2020-10-16 16:19:49.597284  | lossStd                        9.799451541406698
2020-10-16 16:19:49.597299  | lossMedian                     52.04937171936035
2020-10-16 16:19:49.597315  | lossMin                        31.79554557800293
2020-10-16 16:19:49.597330  | lossMax                        85.65882873535156
2020-10-16 16:19:49.597345  | gradNormAverage                2615.0920068740843
2020-10-16 16:19:49.597361  | gradNormStd                    1426.0043913539887
2020-10-16 16:19:49.597376  | gradNormMedian                 2282.7919921875
2020-10-16 16:19:49.597391  | gradNormMin                    484.5751953125
2020-10-16 16:19:49.597407  | gradNormMax                    8235.7529296875
2020-10-16 16:19:49.597422  | entropyAverage                 3.7181802108883857
2020-10-16 16:19:49.597438  | entropyStd                     0.04755291844516078
2020-10-16 16:19:49.597453  | entropyMedian                  3.7210798263549805
2020-10-16 16:19:49.597468  | entropyMin                     3.5871105194091797
2020-10-16 16:19:49.597481  | entropyMax                     3.8878655433654785
2020-10-16 16:19:49.597495  | perplexityAverage              44.13780386447907
2020-10-16 16:19:49.597509  | perplexityStd                  1.9014178959484274
2020-10-16 16:19:49.597524  | perplexityMedian               44.2293586730957
2020-10-16 16:19:49.597539  | perplexityMin                  38.84211730957031
2020-10-16 16:19:49.597555  | perplexityMax                  50.91560745239258
2020-10-16 16:19:49.597570  | -----------------------------  ---------------------
2020-10-16 16:19:49.597697  | run_10_16_15_58_round_10_16_15_58 itr #5 Optimizing over 1 iterations.
2020-10-16 16:23:34.879105  | run_10_16_15_58_round_10_16_15_58 itr #6 saving snapshot...
2020-10-16 16:23:34.882634  | run_10_16_15_58_round_10_16_15_58 itr #6 saved
2020-10-16 16:23:34.902770  | -----------------------------  ---------------------
2020-10-16 16:23:34.902804  | Diagnostics/NewCompletedTrajs  101
2020-10-16 16:23:34.902815  | Diagnostics/StepsInTrajWindow  2035
2020-10-16 16:23:34.902824  | Diagnostics/Iteration          6
2020-10-16 16:23:34.902832  | Diagnostics/CumTime (s)        1466.879891872406
2020-10-16 16:23:34.902850  | Diagnostics/CumSteps           14336
2020-10-16 16:23:34.902863  | Diagnostics/CumCompletedTrajs  687
2020-10-16 16:23:34.902872  | Diagnostics/CumUpdates         2240
2020-10-16 16:23:34.902881  | Diagnostics/StepsPerSecond     9.089736267621872
2020-10-16 16:23:34.902890  | Diagnostics/UpdatesPerSecond   1.4202712918159173
2020-10-16 16:23:34.902899  | Diagnostics/ReplayRatio        10.0
2020-10-16 16:23:34.902908  | Diagnostics/CumReplayRatio     10.0
2020-10-16 16:23:34.902916  | LengthAverage                  20.35
2020-10-16 16:23:34.902925  | LengthStd                      5.200721103847043
2020-10-16 16:23:34.902934  | LengthMedian                   19.0
2020-10-16 16:23:34.902943  | LengthMin                      13
2020-10-16 16:23:34.902952  | LengthMax                      40
2020-10-16 16:23:34.902960  | ReturnAverage                  -48.51386035814881
2020-10-16 16:23:34.902969  | ReturnStd                      7.286011410501983
2020-10-16 16:23:34.902985  | ReturnMedian                   -48.78150761127472
2020-10-16 16:23:34.902994  | ReturnMin                      -69.19379031658173
2020-10-16 16:23:34.903003  | ReturnMax                      -15.351567193865776
2020-10-16 16:23:34.903011  | NonzeroRewardsAverage          20.35
2020-10-16 16:23:34.903020  | NonzeroRewardsStd              5.200721103847043
2020-10-16 16:23:34.903029  | NonzeroRewardsMedian           19.0
2020-10-16 16:23:34.903037  | NonzeroRewardsMin              13
2020-10-16 16:23:34.903047  | NonzeroRewardsMax              40
2020-10-16 16:23:34.903056  | DiscountedReturnAverage        -43.76637098157662
2020-10-16 16:23:34.903066  | DiscountedReturnStd            5.899744698586521
2020-10-16 16:23:34.903074  | DiscountedReturnMedian         -44.357695964685945
2020-10-16 16:23:34.903083  | DiscountedReturnMin            -58.51033021030224
2020-10-16 16:23:34.903092  | DiscountedReturnMax            -14.815497272746807
2020-10-16 16:23:34.903100  | SuccessAverage                 0.02
2020-10-16 16:23:34.903109  | SuccessStd                     0.13999999999999996
2020-10-16 16:23:34.903118  | SuccessMedian                  0.0
2020-10-16 16:23:34.903126  | SuccessMin                     False
2020-10-16 16:23:34.903135  | SuccessMax                     True
2020-10-16 16:23:34.903144  | InsertDepthAverage             0.001372126679354081
2020-10-16 16:23:34.903152  | InsertDepthStd                 0.0053728831696179865
2020-10-16 16:23:34.903161  | InsertDepthMedian              0.002447776220399822
2020-10-16 16:23:34.903170  | InsertDepthMin                 -0.023490214029795703
2020-10-16 16:23:34.903178  | InsertDepthMax                 0.01934389680940285
2020-10-16 16:23:34.903187  | lossAverage                    50.56736505627632
2020-10-16 16:23:34.903196  | lossStd                        8.133379947913859
2020-10-16 16:23:34.903205  | lossMedian                     50.18636512756348
2020-10-16 16:23:34.903213  | lossMin                        27.979103088378906
2020-10-16 16:23:34.903222  | lossMax                        75.52008056640625
2020-10-16 16:23:34.903231  | gradNormAverage                2640.336999702454
2020-10-16 16:23:34.903239  | gradNormStd                    1390.630697903966
2020-10-16 16:23:34.903248  | gradNormMedian                 2218.5379638671875
2020-10-16 16:23:34.903256  | gradNormMin                    637.4161987304688
2020-10-16 16:23:34.903265  | gradNormMax                    7623.818359375
2020-10-16 16:23:34.903274  | entropyAverage                 3.7186484560370445
2020-10-16 16:23:34.903282  | entropyStd                     0.04764883999540006
2020-10-16 16:23:34.903291  | entropyMedian                  3.717420220375061
2020-10-16 16:23:34.903299  | entropyMin                     3.6087517738342285
2020-10-16 16:23:34.903308  | entropyMax                     3.839569330215454
2020-10-16 16:23:34.903317  | perplexityAverage              43.9764882683754
2020-10-16 16:23:34.903325  | perplexityStd                  1.8846216679553602
2020-10-16 16:23:34.903334  | perplexityMedian               43.95095634460449
2020-10-16 16:23:34.903342  | perplexityMin                  39.4709587097168
2020-10-16 16:23:34.903350  | perplexityMax                  48.65338897705078
2020-10-16 16:23:34.903358  | -----------------------------  ---------------------
2020-10-16 16:23:34.903437  | run_10_16_15_58_round_10_16_15_58 itr #6 Optimizing over 1 iterations.
2020-10-16 16:27:13.765357  | run_10_16_15_58_round_10_16_15_58 itr #7 saving snapshot...
2020-10-16 16:27:13.768585  | run_10_16_15_58_round_10_16_15_58 itr #7 saved
2020-10-16 16:27:13.791123  | -----------------------------  ---------------------
2020-10-16 16:27:13.791169  | Diagnostics/NewCompletedTrajs  100
2020-10-16 16:27:13.791193  | Diagnostics/StepsInTrajWindow  1996
2020-10-16 16:27:13.791211  | Diagnostics/Iteration          7
2020-10-16 16:27:13.791229  | Diagnostics/CumTime (s)        1685.7658307552338
2020-10-16 16:27:13.791245  | Diagnostics/CumSteps           16384
2020-10-16 16:27:13.791270  | Diagnostics/CumCompletedTrajs  787
2020-10-16 16:27:13.791287  | Diagnostics/CumUpdates         2560
2020-10-16 16:27:13.791303  | Diagnostics/StepsPerSecond     9.356471276559791
2020-10-16 16:27:13.791318  | Diagnostics/UpdatesPerSecond   1.4619486369624675
2020-10-16 16:27:13.791334  | Diagnostics/ReplayRatio        10.0
2020-10-16 16:27:13.791348  | Diagnostics/CumReplayRatio     10.0
2020-10-16 16:27:13.791362  | LengthAverage                  19.96
2020-10-16 16:27:13.791376  | LengthStd                      4.516458789804242
2020-10-16 16:27:13.791389  | LengthMedian                   19.0
2020-10-16 16:27:13.791403  | LengthMin                      4
2020-10-16 16:27:13.791418  | LengthMax                      35
2020-10-16 16:27:13.791433  | ReturnAverage                  -46.00990573566407
2020-10-16 16:27:13.791448  | ReturnStd                      9.149455962421046
2020-10-16 16:27:13.791463  | ReturnMedian                   -47.900835275650024
2020-10-16 16:27:13.791479  | ReturnMin                      -66.15697264671326
2020-10-16 16:27:13.791494  | ReturnMax                      2.147628992795944
2020-10-16 16:27:13.791509  | NonzeroRewardsAverage          19.96
2020-10-16 16:27:13.791524  | NonzeroRewardsStd              4.516458789804242
2020-10-16 16:27:13.791539  | NonzeroRewardsMedian           19.0
2020-10-16 16:27:13.791554  | NonzeroRewardsMin              4
2020-10-16 16:27:13.791569  | NonzeroRewardsMax              35
2020-10-16 16:27:13.791584  | DiscountedReturnAverage        -41.634589592331224
2020-10-16 16:27:13.791599  | DiscountedReturnStd            7.975347102436386
2020-10-16 16:27:13.791614  | DiscountedReturnMedian         -43.353117774228444
2020-10-16 16:27:13.791629  | DiscountedReturnMin            -58.72265670504839
2020-10-16 16:27:13.791645  | DiscountedReturnMax            2.0242770097892278
2020-10-16 16:27:13.791660  | SuccessAverage                 0.07
2020-10-16 16:27:13.791675  | SuccessStd                     0.2551470164434615
2020-10-16 16:27:13.791690  | SuccessMedian                  0.0
2020-10-16 16:27:13.791706  | SuccessMin                     False
2020-10-16 16:27:13.791722  | SuccessMax                     True
2020-10-16 16:27:13.791737  | InsertDepthAverage             0.0001818392340542452
2020-10-16 16:27:13.791753  | InsertDepthStd                 0.007561049488757923
2020-10-16 16:27:13.791768  | InsertDepthMedian              0.001986748775416769
2020-10-16 16:27:13.791783  | InsertDepthMin                 -0.021194564836665958
2020-10-16 16:27:13.791796  | InsertDepthMax                 0.0356470254128704
2020-10-16 16:27:13.791811  | lossAverage                    43.86722697019577
2020-10-16 16:27:13.791824  | lossStd                        7.771046675273242
2020-10-16 16:27:13.791838  | lossMedian                     43.26198196411133
2020-10-16 16:27:13.791852  | lossMin                        26.5018253326416
2020-10-16 16:27:13.791866  | lossMax                        71.94786834716797
